0.00 	-1.2500000000E+00	0.0000000000E+00
0.01 	-1.1890367806E+00	-1.2192643875E-02
0.02 	-1.1310467725E+00	-2.3790645491E-02
0.03 	-1.0758849705E+00	-3.4823005894E-02
0.04 	-1.0234134413E+00	-4.5317311731E-02
0.05 	-9.7350097884E-01	-5.5299804232E-02
0.06 	-9.2602277585E-01	-6.4795444830E-02
0.07 	-8.8086011215E-01	-7.3827977570E-02
0.08 	-8.3790005754E-01	-8.2419988491E-02
0.09 	-7.9703518953E-01	-9.0592962095E-02
0.10 	-7.5816332464E-01	-9.8367335072E-02
0.11 	-7.2118726298E-01	-1.0576254740E-01
0.12 	-6.8601454512E-01	-1.1279709098E-01
0.13 	-6.5255722095E-01	-1.1948855581E-01
0.14 	-6.2073162974E-01	-1.2585367405E-01
0.15 	-5.9045819093E-01	-1.3190836181E-01
0.16 	-5.6166120515E-01	-1.3766775897E-01
0.17 	-5.3426866494E-01	-1.4314626701E-01
0.18 	-5.0821207468E-01	-1.4835758506E-01
0.19 	-4.8342627932E-01	-1.5331474414E-01
0.20 	-4.5984930146E-01	-1.5803013971E-01
0.21 	-4.3742218639E-01	-1.6251556272E-01
0.22 	-4.1608885462E-01	-1.6678222908E-01
0.23 	-3.9579596172E-01	-1.7084080766E-01
0.24 	-3.7649276489E-01	-1.7470144702E-01
0.25 	-3.5813099608E-01	-1.7837380078E-01
0.26 	-3.4066474129E-01	-1.8186705174E-01
0.27 	-3.2405032581E-01	-1.8518993484E-01
0.28 	-3.0824620493E-01	-1.8835075901E-01
0.29 	-2.9321286012E-01	-1.9135742798E-01
0.30 	-2.7891270019E-01	-1.9421745996E-01
0.31 	-2.6530996728E-01	-1.9693800654E-01
0.32 	-2.5237064749E-01	-1.9952587050E-01
0.33 	-2.4006238578E-01	-2.0198752284E-01
0.34 	-2.2835440507E-01	-2.0432911899E-01
0.35 	-2.1721742931E-01	-2.0655651414E-01
0.36 	-2.0662361028E-01	-2.0867527794E-01
0.37 	-1.9654645789E-01	-2.1069070842E-01
0.38 	-1.8696077403E-01	-2.1260784519E-01
0.39 	-1.7784258948E-01	-2.1443148210E-01
0.40 	-1.6916910405E-01	-2.1616617919E-01
0.41 	-1.6091862948E-01	-2.1781627410E-01
0.42 	-1.5307053532E-01	-2.1938589294E-01
0.43 	-1.4560519722E-01	-2.2087896056E-01
0.44 	-1.3850394795E-01	-2.2229921041E-01
0.45 	-1.3174903070E-01	-2.2365019386E-01
0.46 	-1.2532355465E-01	-2.2493528907E-01
0.47 	-1.1921145277E-01	-2.2615770945E-01
0.48 	-1.1339744161E-01	-2.2732051168E-01
0.49 	-1.0786698312E-01	-2.2842660338E-01
0.50 	-1.0260624828E-01	-2.2947875034E-01
0.51 	-9.7602082501E-02	-2.3047958350E-01
0.52 	-9.2841972768E-02	-2.3143160545E-01
0.53 	-8.8314016326E-02	-2.3233719673E-01
0.54 	-8.4006890925E-02	-2.3319862182E-01
0.55 	-7.9909826508E-02	-2.3401803470E-01
0.56 	-7.6012578282E-02	-2.3479748434E-01
0.57 	-7.2305401094E-02	-2.3553891978E-01
0.58 	-6.8779025071E-02	-2.3624419499E-01
0.59 	-6.5424632436E-02	-2.3691507351E-01
0.60 	-6.2233835460E-02	-2.3755323291E-01
0.61 	-5.9198655489E-02	-2.3816026890E-01
0.62 	-5.6311502992E-02	-2.3873769940E-01
0.63 	-5.3565158584E-02	-2.3928696828E-01
0.64 	-5.0952754973E-02	-2.3980944901E-01
0.65 	-4.8467759790E-02	-2.4030644804E-01
0.66 	-4.6103959252E-02	-2.4077920815E-01
0.67 	-4.3855442626E-02	-2.4122891147E-01
0.68 	-4.1716587450E-02	-2.4165668251E-01
0.69 	-3.9682045473E-02	-2.4206359091E-01
0.70 	-3.7746729278E-02	-2.4245065414E-01
0.71 	-3.5905799568E-02	-2.4281884009E-01
0.72 	-3.4154653059E-02	-2.4316906939E-01
0.73 	-3.2488910973E-02	-2.4350221781E-01
0.74 	-3.0904408088E-02	-2.4381911838E-01
0.75 	-2.9397182320E-02	-2.4412056354E-01
0.76 	-2.7963464820E-02	-2.4440730704E-01
0.77 	-2.6599670548E-02	-2.4468006589E-01
0.78 	-2.5302389307E-02	-2.4493952214E-01
0.79 	-2.4068377219E-02	-2.4518632456E-01
0.80 	-2.2894548611E-02	-2.4542109028E-01
0.81 	-2.1777968299E-02	-2.4564440634E-01
0.82 	-2.0715844252E-02	-2.4585683115E-01
0.83 	-1.9705520606E-02	-2.4605889588E-01
0.84 	-1.8744471026E-02	-2.4625110579E-01
0.85 	-1.7830292386E-02	-2.4643394152E-01
0.86 	-1.6960698765E-02	-2.4660786025E-01
0.87 	-1.6133515726E-02	-2.4677329685E-01
0.88 	-1.5346674879E-02	-2.4693066502E-01
0.89 	-1.4598208713E-02	-2.4708035826E-01
0.90 	-1.3886245673E-02	-2.4722275087E-01
0.91 	-1.3209005480E-02	-2.4735819890E-01
0.92 	-1.2564794681E-02	-2.4748704106E-01
0.93 	-1.1952002413E-02	-2.4760959952E-01
0.94 	-1.1369096377E-02	-2.4772618072E-01
0.95 	-1.0814619004E-02	-2.4783707620E-01
0.96 	-1.0287183811E-02	-2.4794256324E-01
0.97 	-9.7854719365E-03	-2.4804290561E-01
0.98 	-9.3082288387E-03	-2.4813835423E-01
0.99 	-8.8542611613E-03	-2.4822914777E-01
1.00 	-8.4224337489E-03	-2.4831551325E-01
1.01 	-8.0116668078E-03	-2.4839766664E-01
1.02 	-7.6209332069E-03	-2.4847581336E-01
1.03 	-7.2492559086E-03	-2.4855014882E-01
1.04 	-6.8957055260E-03	-2.4862085889E-01
1.05 	-6.5593979990E-03	-2.4868812040E-01
1.06 	-6.2394923836E-03	-2.4875210152E-01
1.07 	-5.9351887493E-03	-2.4881296225E-01
1.08 	-5.6457261783E-03	-2.4887085476E-01
1.09 	-5.3703808634E-03	-2.4892592383E-01
1.10 	-5.1084642981E-03	-2.4897830714E-01
1.11 	-4.8593215543E-03	-2.4902813569E-01
1.12 	-4.6223296456E-03	-2.4907553407E-01
1.13 	-4.3968959686E-03	-2.4912062081E-01
1.14 	-4.1824568218E-03	-2.4916350864E-01
1.15 	-3.9784759956E-03	-2.4920430480E-01
1.16 	-3.7844434317E-03	-2.4924311131E-01
1.17 	-3.5998739476E-03	-2.4928002521E-01
1.18 	-3.4243060235E-03	-2.4931513880E-01
1.19 	-3.2573006480E-03	-2.4934853987E-01
1.20 	-3.0984402208E-03	-2.4938031196E-01
1.21 	-2.9473275081E-03	-2.4941053450E-01
1.22 	-2.8035846494E-03	-2.4943928307E-01
1.23 	-2.6668522125E-03	-2.4946662956E-01
1.24 	-2.5367882954E-03	-2.4949264234E-01
1.25 	-2.4130676703E-03	-2.4951738647E-01
1.26 	-2.2953809713E-03	-2.4954092381E-01
1.27 	-2.1834339203E-03	-2.4956331322E-01
1.28 	-2.0769465915E-03	-2.4958461068E-01
1.29 	-1.9756527109E-03	-2.4960486946E-01
1.30 	-1.8792989912E-03	-2.4962414020E-01
1.31 	-1.7876444979E-03	-2.4964247110E-01
1.32 	-1.7004600469E-03	-2.4965990799E-01
1.33 	-1.6175276318E-03	-2.4967649447E-01
1.34 	-1.5386398783E-03	-2.4969227202E-01
1.35 	-1.4635995260E-03	-2.4970728009E-01
1.36 	-1.3922189348E-03	-2.4972155621E-01
1.37 	-1.3243196161E-03	-2.4973513608E-01
1.38 	-1.2597317863E-03	-2.4974805364E-01
1.39 	-1.1982939421E-03	-2.4976034121E-01
1.40 	-1.1398524569E-03	-2.4977202951E-01
1.41 	-1.0842611966E-03	-2.4978314776E-01
1.42 	-1.0313811541E-03	-2.4979372377E-01
1.43 	-9.8108010164E-04	-2.4980378398E-01
1.44 	-9.3323226047E-04	-2.4981335355E-01
1.45 	-8.8771798605E-04	-2.4982245640E-01
1.46 	-8.4442346899E-04	-2.4983111531E-01
1.47 	-8.0324045044E-04	-2.4983935191E-01
1.48 	-7.6406595141E-04	-2.4984718681E-01
1.49 	-7.2680201524E-04	-2.4985463960E-01
1.50 	-6.9135546268E-04	-2.4986172891E-01
1.51 	-6.5763765890E-04	-2.4986847247E-01
1.52 	-6.2556429180E-04	-2.4987488714E-01
1.53 	-5.9505516128E-04	-2.4988098897E-01
1.54 	-5.6603397861E-04	-2.4988679320E-01
1.55 	-5.3842817572E-04	-2.4989231436E-01
1.56 	-5.1216872372E-04	-2.4989756626E-01
1.57 	-4.8718996032E-04	-2.4990256201E-01
1.58 	-4.6342942557E-04	-2.4990731411E-01
1.59 	-4.4082770579E-04	-2.4991183446E-01
1.60 	-4.1932828488E-04	-2.4991613434E-01
1.61 	-3.9887740310E-04	-2.4992022452E-01
1.62 	-3.7942392260E-04	-2.4992411522E-01
1.63 	-3.6091919954E-04	-2.4992781616E-01
1.64 	-3.4331696247E-04	-2.4993133661E-01
1.65 	-3.2657319663E-04	-2.4993468536E-01
1.66 	-3.1064603388E-04	-2.4993787079E-01
1.67 	-2.9549564804E-04	-2.4994090087E-01
1.68 	-2.8108415522E-04	-2.4994378317E-01
1.69 	-2.6737551921E-04	-2.4994652490E-01
1.70 	-2.5433546126E-04	-2.4994913291E-01
1.71 	-2.4193137445E-04	-2.4995161373E-01
1.72 	-2.3013224208E-04	-2.4995397355E-01
1.73 	-2.1890856020E-04	-2.4995621829E-01
1.74 	-2.0823226373E-04	-2.4995835355E-01
1.75 	-1.9807665639E-04	-2.4996038467E-01
1.76 	-1.8841634387E-04	-2.4996231673E-01
1.77 	-1.7922717035E-04	-2.4996415457E-01
1.78 	-1.7048615810E-04	-2.4996590277E-01
1.79 	-1.6217145006E-04	-2.4996756571E-01
1.80 	-1.5426225511E-04	-2.4996914755E-01
1.81 	-1.4673879615E-04	-2.4997065224E-01
1.82 	-1.3958226061E-04	-2.4997208355E-01
1.83 	-1.3277475343E-04	-2.4997344505E-01
1.84 	-1.2629925230E-04	-2.4997474015E-01
1.85 	-1.2013956508E-04	-2.4997597209E-01
1.86 	-1.1428028935E-04	-2.4997714394E-01
1.87 	-1.0870677387E-04	-2.4997825865E-01
1.88 	-1.0340508195E-04	-2.4997931898E-01
1.89 	-9.8361956590E-05	-2.4998032761E-01
1.90 	-9.3564787360E-05	-2.4998128704E-01
1.91 	-8.9001578834E-05	-2.4998219968E-01
1.92 	-8.4660920614E-05	-2.4998306782E-01
1.93 	-8.0531958793E-05	-2.4998389361E-01
1.94 	-7.6604368817E-05	-2.4998467913E-01
1.95 	-7.2868329664E-05	-2.4998542633E-01
1.96 	-6.9314499290E-05	-2.4998613710E-01
1.97 	-6.5933991269E-05	-2.4998681320E-01
1.98 	-6.2718352570E-05	-2.4998745633E-01
1.99 	-5.9659542421E-05	-2.4998806809E-01
2.00 	-5.6749912203E-05	-2.4998865002E-01
2.01 	-5.3982186325E-05	-2.4998920356E-01
2.02 	-5.1349444032E-05	-2.4998973011E-01
2.03 	-4.8845102095E-05	-2.4999023098E-01
2.04 	-4.6462898355E-05	-2.4999070742E-01
2.05 	-4.4196876063E-05	-2.4999116062E-01
2.06 	-4.2041368982E-05	-2.4999159173E-01
2.07 	-3.9990987222E-05	-2.4999200180E-01
2.08 	-3.8040603761E-05	-2.4999239188E-01
2.09 	-3.6185341623E-05	-2.4999276293E-01
2.10 	-3.4420561687E-05	-2.4999311589E-01
2.11 	-3.2741851085E-05	-2.4999345163E-01
2.12 	-3.1145012164E-05	-2.4999377100E-01
2.13 	-2.9626051997E-05	-2.4999407479E-01
2.14 	-2.8181172392E-05	-2.4999436377E-01
2.15 	-2.6806760396E-05	-2.4999463865E-01
2.16 	-2.5499379264E-05	-2.4999490012E-01
2.17 	-2.4255759862E-05	-2.4999514885E-01
2.18 	-2.3072792495E-05	-2.4999538544E-01
2.19 	-2.1947519126E-05	-2.4999561050E-01
2.20 	-2.0877125988E-05	-2.4999582457E-01
2.21 	-1.9858936539E-05	-2.4999602821E-01
2.22 	-1.8890404775E-05	-2.4999622192E-01
2.23 	-1.7969108863E-05	-2.4999640618E-01
2.24 	-1.7092745082E-05	-2.4999658145E-01
2.25 	-1.6259122068E-05	-2.4999674818E-01
2.26 	-1.5466155327E-05	-2.4999690677E-01
2.27 	-1.4711862031E-05	-2.4999705763E-01
2.28 	-1.3994356053E-05	-2.4999720113E-01
2.29 	-1.3311843255E-05	-2.4999733763E-01
2.30 	-1.2662616998E-05	-2.4999746748E-01
2.31 	-1.2045053880E-05	-2.4999759099E-01
2.32 	-1.1457609670E-05	-2.4999770848E-01
2.33 	-1.0898815453E-05	-2.4999782024E-01
2.34 	-1.0367273951E-05	-2.4999792655E-01
2.35 	-9.8616560340E-06	-2.4999802767E-01
2.36 	-9.3806973938E-06	-2.4999812386E-01
2.37 	-8.9231953834E-06	-2.4999821536E-01
2.38 	-8.4880060092E-06	-2.4999830240E-01
2.39 	-8.0740410713E-06	-2.4999838519E-01
2.40 	-7.6802654417E-06	-2.4999846395E-01
2.41 	-7.3056944761E-06	-2.4999853886E-01
2.42 	-6.9493915521E-06	-2.4999861012E-01
2.43 	-6.6104657267E-06	-2.4999867791E-01
2.44 	-6.2880695089E-06	-2.4999874239E-01
2.45 	-5.9813967402E-06	-2.4999880372E-01
2.46 	-5.6896805789E-06	-2.4999886206E-01
2.47 	-5.4121915826E-06	-2.4999891756E-01
2.48 	-5.1482358844E-06	-2.4999897035E-01
2.49 	-4.8971534575E-06	-2.4999902057E-01
2.50 	-4.6583164651E-06	-2.4999906834E-01
2.51 	-4.4311276902E-06	-2.4999911377E-01
2.52 	-4.2150190427E-06	-2.4999915700E-01
2.53 	-4.0094501382E-06	-2.4999919811E-01
2.54 	-3.8139069475E-06	-2.4999923722E-01
2.55 	-3.6279005108E-06	-2.4999927442E-01
2.56 	-3.4509657150E-06	-2.4999930981E-01
2.57 	-3.2826601311E-06	-2.4999934347E-01
2.58 	-3.1225629073E-06	-2.4999937549E-01
2.59 	-2.9702737173E-06	-2.4999940595E-01
2.60 	-2.8254117587E-06	-2.4999943492E-01
2.61 	-2.6876148012E-06	-2.4999946248E-01
2.62 	-2.5565382807E-06	-2.4999948869E-01
2.63 	-2.4318544374E-06	-2.4999951363E-01
2.64 	-2.3132514970E-06	-2.4999953735E-01
2.65 	-2.2004328902E-06	-2.4999955991E-01
2.66 	-2.0931165118E-06	-2.4999958138E-01
2.67 	-1.9910340149E-06	-2.4999960179E-01
2.68 	-1.8939301402E-06	-2.4999962121E-01
2.69 	-1.8015620773E-06	-2.4999963969E-01
2.70 	-1.7136988580E-06	-2.4999965726E-01
2.71 	-1.6301207784E-06	-2.4999967398E-01
2.72 	-1.5506188499E-06	-2.4999968988E-01
2.73 	-1.4749942763E-06	-2.4999970500E-01
2.74 	-1.4030579565E-06	-2.4999971939E-01
2.75 	-1.3346300125E-06	-2.4999973307E-01
2.76 	-1.2695393388E-06	-2.4999974609E-01
2.77 	-1.2076231746E-06	-2.4999975848E-01
2.78 	-1.1487266974E-06	-2.4999977025E-01
2.79 	-1.0927026353E-06	-2.4999978146E-01
2.80 	-1.0394108989E-06	-2.4999979212E-01
2.81 	-9.8871823116E-07	-2.4999980226E-01
2.82 	-9.4049787402E-07	-2.4999981190E-01
2.83 	-8.9462925145E-07	-2.4999982107E-01
2.84 	-8.5099766800E-07	-2.4999982980E-01
2.85 	-8.0949402198E-07	-2.4999983810E-01
2.86 	-7.7001453267E-07	-2.4999984600E-01
2.87 	-7.3246048076E-07	-2.4999985351E-01
2.88 	-6.9673796159E-07	-2.4999986065E-01
2.89 	-6.6275765023E-07	-2.4999986745E-01
2.90 	-6.3043457821E-07	-2.4999987391E-01
2.91 	-5.9968792102E-07	-2.4999988006E-01
2.92 	-5.7044079599E-07	-2.4999988591E-01
2.93 	-5.4262007008E-07	-2.4999989148E-01
2.94 	-5.1615617698E-07	-2.4999989677E-01
2.95 	-4.9098294319E-07	-2.4999990180E-01
2.96 	-4.6703742249E-07	-2.4999990659E-01
2.97 	-4.4425973861E-07	-2.4999991115E-01
2.98 	-4.2259293549E-07	-2.4999991548E-01
2.99 	-4.0198283482E-07	-2.4999991960E-01
3.00 	-3.8237790063E-07	-2.4999992352E-01
3.01 	-3.6372911036E-07	-2.4999992725E-01
3.02 	-3.4598983232E-07	-2.4999993080E-01
3.03 	-3.2911570908E-07	-2.4999993418E-01
3.04 	-3.1306454654E-07	-2.4999993739E-01
3.05 	-2.9779620844E-07	-2.4999994044E-01
3.06 	-2.8327251597E-07	-2.4999994335E-01
3.07 	-2.6945715234E-07	-2.4999994611E-01
3.08 	-2.5631557195E-07	-2.4999994874E-01
3.09 	-2.4381491400E-07	-2.4999995124E-01
3.10 	-2.3192392033E-07	-2.4999995362E-01
3.11 	-2.2061285726E-07	-2.4999995588E-01
3.12 	-2.0985344125E-07	-2.4999995803E-01
3.13 	-1.9961876815E-07	-2.4999996008E-01
3.14 	-1.8988324595E-07	-2.4999996202E-01
3.15 	-1.8062253076E-07	-2.4999996388E-01
3.16 	-1.7181346599E-07	-2.4999996564E-01
3.17 	-1.6343402438E-07	-2.4999996731E-01
3.18 	-1.5546325295E-07	-2.4999996891E-01
3.19 	-1.4788122063E-07	-2.4999997042E-01
3.20 	-1.4066896840E-07	-2.4999997187E-01
3.21 	-1.3380846186E-07	-2.4999997324E-01
3.22 	-1.2728254616E-07	-2.4999997454E-01
3.23 	-1.2107490314E-07	-2.4999997579E-01
3.24 	-1.1517001043E-07	-2.4999997697E-01
3.25 	-1.0955310274E-07	-2.4999997809E-01
3.26 	-1.0421013487E-07	-2.4999997916E-01
3.27 	-9.9127746624E-08	-2.4999998017E-01
3.28 	-9.4293229373E-08	-2.4999998114E-01
3.29 	-8.9694494311E-08	-2.4999998206E-01
3.30 	-8.5320042204E-08	-2.4999998294E-01
3.31 	-8.1158934644E-08	-2.4999998377E-01
3.32 	-7.7200766695E-08	-2.4999998456E-01
3.33 	-7.3435640874E-08	-2.4999998531E-01
3.34 	-6.9854142406E-08	-2.4999998603E-01
3.35 	-6.6447315680E-08	-2.4999998671E-01
3.36 	-6.3206641854E-08	-2.4999998736E-01
3.37 	-6.0124017556E-08	-2.4999998798E-01
3.38 	-5.7191734618E-08	-2.4999998856E-01
3.39 	-5.4402460807E-08	-2.4999998912E-01
3.40 	-5.1749221485E-08	-2.4999998965E-01
3.41 	-4.9225382171E-08	-2.4999999015E-01
3.42 	-4.6824631954E-08	-2.4999999064E-01
3.43 	-4.4540967706E-08	-2.4999999109E-01
3.44 	-4.2368679077E-08	-2.4999999153E-01
3.45 	-4.0302334216E-08	-2.4999999194E-01
3.46 	-3.8336766182E-08	-2.4999999233E-01
3.47 	-3.6467060033E-08	-2.4999999271E-01
3.48 	-3.4688540528E-08	-2.4999999306E-01
3.49 	-3.2996760443E-08	-2.4999999340E-01
3.50 	-3.1387489447E-08	-2.4999999372E-01
3.51 	-2.9856703523E-08	-2.4999999403E-01
3.52 	-2.8400574910E-08	-2.4999999432E-01
3.53 	-2.7015462527E-08	-2.4999999460E-01
3.54 	-2.5697902872E-08	-2.4999999486E-01
3.55 	-2.4444601360E-08	-2.4999999511E-01
3.56 	-2.3252424084E-08	-2.4999999535E-01
3.57 	-2.2118389979E-08	-2.4999999558E-01
3.58 	-2.1039663371E-08	-2.4999999579E-01
3.59 	-2.0013546880E-08	-2.4999999600E-01
3.60 	-1.9037474681E-08	-2.4999999619E-01
3.61 	-1.8109006085E-08	-2.4999999638E-01
3.62 	-1.7225819436E-08	-2.4999999655E-01
3.63 	-1.6385706309E-08	-2.4999999672E-01
3.64 	-1.5586565982E-08	-2.4999999688E-01
3.65 	-1.4826400189E-08	-2.4999999703E-01
3.66 	-1.4103308119E-08	-2.4999999718E-01
3.67 	-1.3415481666E-08	-2.4999999732E-01
3.68 	-1.2761200904E-08	-2.4999999745E-01
3.69 	-1.2138829792E-08	-2.4999999757E-01
3.70 	-1.1546812077E-08	-2.4999999769E-01
3.71 	-1.0983667407E-08	-2.4999999780E-01
3.72 	-1.0447987627E-08	-2.4999999791E-01
3.73 	-9.9384332574E-09	-2.4999999801E-01
3.74 	-9.4537301478E-09	-2.4999999811E-01
3.75 	-8.9926662879E-09	-2.4999999820E-01
3.76 	-8.5540887778E-09	-2.4999999829E-01
3.77 	-8.1369009452E-09	-2.4999999837E-01
3.78 	-7.7400596033E-09	-2.4999999845E-01
3.79 	-7.3625724421E-09	-2.4999999853E-01
3.80 	-7.0034955469E-09	-2.4999999860E-01
3.81 	-6.6619310386E-09	-2.4999999867E-01
3.82 	-6.3370248279E-09	-2.4999999873E-01
3.83 	-6.0279644801E-09	-2.4999999879E-01
3.84 	-5.7339771833E-09	-2.4999999885E-01
3.85 	-5.4543278162E-09	-2.4999999891E-01
3.86 	-5.1883171096E-09	-2.4999999896E-01
3.87 	-4.9352798983E-09	-2.4999999901E-01
3.88 	-4.6945834574E-09	-2.4999999906E-01
3.89 	-4.4656259205E-09	-2.4999999911E-01
3.90 	-4.2478347744E-09	-2.4999999915E-01
3.91 	-4.0406654278E-09	-2.4999999919E-01
3.92 	-3.8435998495E-09	-2.4999999923E-01
3.93 	-3.6561452728E-09	-2.4999999927E-01
3.94 	-3.4778329638E-09	-2.4999999930E-01
3.95 	-3.3082170486E-09	-2.4999999934E-01
3.96 	-3.1468733993E-09	-2.4999999937E-01
3.97 	-2.9933985726E-09	-2.4999999940E-01
3.98 	-2.8474088015E-09	-2.4999999943E-01
3.99 	-2.7085390356E-09	-2.4999999946E-01
4.00 	-2.5764420280E-09	-2.4999999948E-01
4.01 	-2.4507874676E-09	-2.4999999951E-01
4.02 	-2.3312611524E-09	-2.4999999953E-01
4.03 	-2.2175642043E-09	-2.4999999956E-01
4.04 	-2.1094123219E-09	-2.4999999958E-01
4.05 	-2.0065350690E-09	-2.4999999960E-01
4.06 	-1.9086751989E-09	-2.4999999962E-01
4.07 	-1.8155880110E-09	-2.4999999964E-01
4.08 	-1.7270407388E-09	-2.4999999965E-01
4.09 	-1.6428119681E-09	-2.4999999967E-01
4.10 	-1.5626910830E-09	-2.4999999969E-01
4.11 	-1.4864777395E-09	-2.4999999970E-01
4.12 	-1.4139813647E-09	-2.4999999972E-01
4.13 	-1.3450206798E-09	-2.4999999973E-01
4.14 	-1.2794232472E-09	-2.4999999974E-01
4.15 	-1.2170250391E-09	-2.4999999976E-01
4.16 	-1.1576700276E-09	-2.4999999977E-01
4.17 	-1.1012097941E-09	-2.4999999978E-01
4.18 	-1.0475031587E-09	-2.4999999979E-01
4.19 	-9.9641582680E-10	-2.4999999980E-01
4.20 	-9.4782005349E-10	-2.4999999981E-01
4.21 	-9.0159432401E-10	-2.4999999982E-01
4.22 	-8.5762304996E-10	-2.4999999983E-01
4.23 	-8.1579628025E-10	-2.4999999984E-01
4.24 	-7.7600942618E-10	-2.4999999984E-01
4.25 	-7.3816299987E-10	-2.4999999985E-01
4.26 	-7.0216236555E-10	-2.4999999986E-01
4.27 	-6.6791750289E-10	-2.4999999987E-01
4.28 	-6.3534278189E-10	-2.4999999987E-01
4.29 	-6.0435674878E-10	-2.4999999988E-01
4.30 	-5.7488192233E-10	-2.4999999989E-01
4.31 	-5.4684460014E-10	-2.4999999989E-01
4.32 	-5.2017467428E-10	-2.4999999990E-01
4.33 	-4.9480545605E-10	-2.4999999990E-01
4.34 	-4.7067350920E-10	-2.4999999991E-01
4.35 	-4.4771849129E-10	-2.4999999991E-01
4.36 	-4.2588300280E-10	-2.4999999991E-01
4.37 	-4.0511244366E-10	-2.4999999992E-01
4.38 	-3.8535487664E-10	-2.4999999992E-01
4.39 	-3.6656089754E-10	-2.4999999993E-01
4.40 	-3.4868351161E-10	-2.4999999993E-01
4.41 	-3.3167801608E-10	-2.4999999993E-01
4.42 	-3.1550188836E-10	-2.4999999994E-01
4.43 	-3.0011467969E-10	-2.4999999994E-01
4.44 	-2.8547791405E-10	-2.4999999994E-01
4.45 	-2.7155499188E-10	-2.4999999995E-01
4.46 	-2.5831109865E-10	-2.4999999995E-01
4.47 	-2.4571311771E-10	-2.4999999995E-01
4.48 	-2.3372954755E-10	-2.4999999995E-01
4.49 	-2.2233042301E-10	-2.4999999996E-01
4.50 	-2.1148724033E-10	-2.4999999996E-01
4.51 	-2.0117288591E-10	-2.4999999996E-01
4.52 	-1.9136156848E-10	-2.4999999996E-01
4.53 	-1.8202875466E-10	-2.4999999996E-01
4.54 	-1.7315110754E-10	-2.4999999997E-01
4.55 	-1.6470642838E-10	-2.4999999997E-01
4.56 	-1.5667360108E-10	-2.4999999997E-01
4.57 	-1.4903253939E-10	-2.4999999997E-01
4.58 	-1.4176413667E-10	-2.4999999997E-01
4.59 	-1.3485021814E-10	-2.4999999997E-01
4.60 	-1.2827349540E-10	-2.4999999997E-01
4.61 	-1.2201752320E-10	-2.4999999998E-01
4.62 	-1.1606665838E-10	-2.4999999998E-01
4.63 	-1.1040602065E-10	-2.4999999998E-01
4.64 	-1.0502145549E-10	-2.4999999998E-01
4.65 	-9.9899498662E-11	-2.4999999998E-01
4.66 	-9.5027342620E-11	-2.4999999998E-01
4.67 	-9.0392804432E-11	-2.4999999998E-01
4.68 	-8.5984295339E-11	-2.4999999998E-01
4.69 	-8.1790791772E-11	-2.4999999998E-01
4.70 	-7.7801807786E-11	-2.4999999998E-01
4.71 	-7.4007368846E-11	-2.4999999999E-01
4.72 	-7.0397986876E-11	-2.4999999999E-01
4.73 	-6.6964636542E-11	-2.4999999999E-01
4.74 	-6.3698732680E-11	-2.4999999999E-01
4.75 	-6.0592108828E-11	-2.4999999999E-01
4.76 	-5.7636996810E-11	-2.4999999999E-01
4.77 	-5.4826007306E-11	-2.4999999999E-01
4.78 	-5.2152111377E-11	-2.4999999999E-01
4.79 	-4.9608622892E-11	-2.4999999999E-01
4.80 	-4.7189181803E-11	-2.4999999999E-01
4.81 	-4.4887738250E-11	-2.4999999999E-01
4.82 	-4.2698537422E-11	-2.4999999999E-01
4.83 	-4.0616105179E-11	-2.4999999999E-01
4.84 	-3.8635234355E-11	-2.4999999999E-01
4.85 	-3.6750971741E-11	-2.4999999999E-01
4.86 	-3.4958605699E-11	-2.4999999999E-01
4.87 	-3.3253654380E-11	-2.4999999999E-01
4.88 	-3.1631854519E-11	-2.4999999999E-01
4.89 	-3.0089150770E-11	-2.4999999999E-01
4.90 	-2.8621685571E-11	-2.4999999999E-01
4.91 	-2.7225789494E-11	-2.4999999999E-01
4.92 	-2.5897972072E-11	-2.4999999999E-01
4.93 	-2.4634913069E-11	-2.5000000000E-01
4.94 	-2.3433454182E-11	-2.5000000000E-01
4.95 	-2.2290591135E-11	-2.5000000000E-01
4.96 	-2.1203466177E-11	-2.5000000000E-01
4.97 	-2.0169360929E-11	-2.5000000000E-01
4.98 	-1.9185689589E-11	-2.5000000000E-01
4.99 	-1.8249992467E-11	-2.5000000000E-01
5.00 	-1.7359929831E-11	-2.5000000000E-01
5.01 	-1.6513276063E-11	-2.5000000000E-01
5.02 	-1.5707914086E-11	-2.5000000000E-01
5.03 	-1.4941830076E-11	-2.5000000000E-01
5.04 	-1.4213108424E-11	-2.5000000000E-01
5.05 	-1.3519926947E-11	-2.5000000000E-01
5.06 	-1.2860552329E-11	-2.5000000000E-01
5.07 	-1.2233335790E-11	-2.5000000000E-01
5.08 	-1.1636708964E-11	-2.5000000000E-01
5.09 	-1.1069179971E-11	-2.5000000000E-01
5.10 	-1.0529329693E-11	-2.5000000000E-01
5.11 	-1.0015808224E-11	-2.5000000000E-01
5.12 	-9.5273314931E-12	-2.5000000000E-01
5.13 	-9.0626780532E-12	-2.5000000000E-01
5.14 	-8.6206860290E-12	-2.5000000000E-01
5.15 	-8.2002502102E-12	-2.5000000000E-01
5.16 	-7.8003192882E-12	-2.5000000000E-01
5.17 	-7.4198932274E-12	-2.5000000000E-01
5.18 	-7.0580207646E-12	-2.5000000000E-01
5.19 	-6.7137970300E-12	-2.5000000000E-01
5.20 	-6.3863612851E-12	-2.5000000000E-01
5.21 	-6.0748947699E-12	-2.5000000000E-01
5.22 	-5.7786186558E-12	-2.5000000000E-01
5.23 	-5.4967920984E-12	-2.5000000000E-01
5.24 	-5.2287103844E-12	-2.5000000000E-01
5.25 	-4.9737031698E-12	-2.5000000000E-01
5.26 	-4.7311328038E-12	-2.5000000000E-01
5.27 	-4.5003927342E-12	-2.5000000000E-01
5.28 	-4.2809059906E-12	-2.5000000000E-01
5.29 	-4.0721237418E-12	-2.5000000000E-01
5.30 	-3.8735239234E-12	-2.5000000000E-01
5.31 	-3.6846099324E-12	-2.5000000000E-01
5.32 	-3.5049093856E-12	-2.5000000000E-01
5.33 	-3.3339729377E-12	-2.5000000000E-01
5.34 	-3.1713731589E-12	-2.5000000000E-01
5.35 	-3.0167034648E-12	-2.5000000000E-01
5.36 	-2.8695771007E-12	-2.5000000000E-01
5.37 	-2.7296261741E-12	-2.5000000000E-01
5.38 	-2.5965007347E-12	-2.5000000000E-01
5.39 	-2.4698678995E-12	-2.5000000000E-01
5.40 	-2.3494110207E-12	-2.5000000000E-01
5.41 	-2.2348288931E-12	-2.5000000000E-01
5.42 	-2.1258350019E-12	-2.5000000000E-01
5.43 	-2.0221568054E-12	-2.5000000000E-01
5.44 	-1.9235350542E-12	-2.5000000000E-01
5.45 	-1.8297231427E-12	-2.5000000000E-01
5.46 	-1.7404864920E-12	-2.5000000000E-01
5.47 	-1.6556019641E-12	-2.5000000000E-01
5.48 	-1.5748573035E-12	-2.5000000000E-01
5.49 	-1.4980506065E-12	-2.5000000000E-01
5.50 	-1.4249898163E-12	-2.5000000000E-01
5.51 	-1.3554922429E-12	-2.5000000000E-01
5.52 	-1.2893841061E-12	-2.5000000000E-01
5.53 	-1.2265001012E-12	-2.5000000000E-01
5.54 	-1.1666829854E-12	-2.5000000000E-01
5.55 	-1.1097831848E-12	-2.5000000000E-01
5.56 	-1.0556584202E-12	-2.5000000000E-01
5.57 	-1.0041733515E-12	-2.5000000000E-01
5.58 	-9.5519923927E-13	-2.5000000000E-01
5.59 	-9.0861362265E-13	-2.5000000000E-01
5.60 	-8.6430001337E-13	-2.5000000000E-01
5.61 	-8.2214760431E-13	-2.5000000000E-01
5.62 	-7.8205099250E-13	-2.5000000000E-01
5.63 	-7.4390991553E-13	-2.5000000000E-01
5.64 	-7.0762900083E-13	-2.5000000000E-01
5.65 	-6.7311752722E-13	-2.5000000000E-01
5.66 	-6.4028919804E-13	-2.5000000000E-01
5.67 	-6.0906192536E-13	-2.5000000000E-01
5.68 	-5.7935762475E-13	-2.5000000000E-01
5.69 	-5.5110201997E-13	-2.5000000000E-01
5.70 	-5.2422445730E-13	-2.5000000000E-01
5.71 	-4.9865772882E-13	-2.5000000000E-01
5.72 	-4.7433790441E-13	-2.5000000000E-01
5.73 	-4.5120417183E-13	-2.5000000000E-01
5.74 	-4.2919868471E-13	-2.5000000000E-01
5.75 	-4.0826641785E-13	-2.5000000000E-01
5.76 	-3.8835502969E-13	-2.5000000000E-01
5.77 	-3.6941473140E-13	-2.5000000000E-01
5.78 	-3.5139816235E-13	-2.5000000000E-01
5.79 	-3.3426027174E-13	-2.5000000000E-01
5.80 	-3.1795820592E-13	-2.5000000000E-01
5.81 	-3.0245120123E-13	-2.5000000000E-01
5.82 	-2.8770048209E-13	-2.5000000000E-01
5.83 	-2.7366916401E-13	-2.5000000000E-01
5.84 	-2.6032216138E-13	-2.5000000000E-01
5.85 	-2.4762609976E-13	-2.5000000000E-01
5.86 	-2.3554923236E-13	-2.5000000000E-01
5.87 	-2.2406136074E-13	-2.5000000000E-01
5.88 	-2.1313375923E-13	-2.5000000000E-01
5.89 	-2.0273910314E-13	-2.5000000000E-01
5.90 	-1.9285140040E-13	-2.5000000000E-01
5.91 	-1.8344592662E-13	-2.5000000000E-01
5.92 	-1.7449916320E-13	-2.5000000000E-01
5.93 	-1.6598873859E-13	-2.5000000000E-01
5.94 	-1.5789337228E-13	-2.5000000000E-01
5.95 	-1.5019282165E-13	-2.5000000000E-01
5.96 	-1.4286783130E-13	-2.5000000000E-01
5.97 	-1.3590008495E-13	-2.5000000000E-01
5.98 	-1.2927215959E-13	-2.5000000000E-01
5.99 	-1.2296748197E-13	-2.5000000000E-01
6.00 	-1.1697028711E-13	-2.5000000000E-01
6.01 	-1.1126557889E-13	-2.5000000000E-01
6.02 	-1.0583909258E-13	-2.5000000000E-01
6.03 	-1.0067725912E-13	-2.5000000000E-01
6.04 	-9.5767171254E-14	-2.5000000000E-01
6.05 	-9.1096551198E-14	-2.5000000000E-01
6.06 	-8.6653719970E-14	-2.5000000000E-01
6.07 	-8.2427568178E-14	-2.5000000000E-01
6.08 	-7.8407528241E-14	-2.5000000000E-01
6.09 	-7.4583547965E-14	-2.5000000000E-01
6.10 	-7.0946065408E-14	-2.5000000000E-01
6.11 	-6.7485984969E-14	-2.5000000000E-01
6.12 	-6.4194654644E-14	-2.5000000000E-01
6.13 	-6.1063844393E-14	-2.5000000000E-01
6.14 	-5.8085725559E-14	-2.5000000000E-01
6.15 	-5.5252851296E-14	-2.5000000000E-01
6.16 	-5.2558137940E-14	-2.5000000000E-01
6.17 	-4.9994847305E-14	-2.5000000000E-01
6.18 	-4.7556569830E-14	-2.5000000000E-01
6.19 	-4.5237208551E-14	-2.5000000000E-01
6.20 	-4.3030963856E-14	-2.5000000000E-01
6.21 	-4.0932318984E-14	-2.5000000000E-01
6.22 	-3.8936026231E-14	-2.5000000000E-01
6.23 	-3.7037093824E-14	-2.5000000000E-01
6.24 	-3.5230773443E-14	-2.5000000000E-01
6.25 	-3.3512548347E-14	-2.5000000000E-01
6.26 	-3.1878122078E-14	-2.5000000000E-01
6.27 	-3.0323407718E-14	-2.5000000000E-01
6.28 	-2.8844517673E-14	-2.5000000000E-01
6.29 	-2.7437753946E-14	-2.5000000000E-01
6.30 	-2.6099598896E-14	-2.5000000000E-01
6.31 	-2.4826706437E-14	-2.5000000000E-01
6.32 	-2.3615893676E-14	-2.5000000000E-01
6.33 	-2.2464132951E-14	-2.5000000000E-01
6.34 	-2.1368544259E-14	-2.5000000000E-01
6.35 	-2.0326388058E-14	-2.5000000000E-01
6.36 	-1.9335058414E-14	-2.5000000000E-01
6.37 	-1.8392076488E-14	-2.5000000000E-01
6.38 	-1.7495084333E-14	-2.5000000000E-01
6.39 	-1.6641839002E-14	-2.5000000000E-01
6.40 	-1.5830206936E-14	-2.5000000000E-01
6.41 	-1.5058158634E-14	-2.5000000000E-01
6.42 	-1.4323763571E-14	-2.5000000000E-01
6.43 	-1.3625185379E-14	-2.5000000000E-01
6.44 	-1.2960677246E-14	-2.5000000000E-01
6.45 	-1.2328577558E-14	-2.5000000000E-01
6.46 	-1.1727305736E-14	-2.5000000000E-01
6.47 	-1.1155358286E-14	-2.5000000000E-01
6.48 	-1.0611305042E-14	-2.5000000000E-01
6.49 	-1.0093785589E-14	-2.5000000000E-01
6.50 	-9.6015058565E-15	-2.5000000000E-01
6.51 	-9.1332348902E-15	-2.5000000000E-01
6.52 	-8.6878017685E-15	-2.5000000000E-01
6.53 	-8.2640926764E-15	-2.5000000000E-01
6.54 	-7.8610481206E-15	-2.5000000000E-01
6.55 	-7.4776602797E-15	-2.5000000000E-01
6.56 	-7.1129704845E-15	-2.5000000000E-01
6.57 	-6.7660668204E-15	-2.5000000000E-01
6.58 	-6.4360818477E-15	-2.5000000000E-01
6.59 	-6.1221904321E-15	-2.5000000000E-01
6.60 	-5.8236076814E-15	-2.5000000000E-01
6.61 	-5.5395869833E-15	-2.5000000000E-01
6.62 	-5.2694181381E-15	-2.5000000000E-01
6.63 	-5.0124255829E-15	-2.5000000000E-01
6.64 	-4.7679667026E-15	-2.5000000000E-01
6.65 	-4.5354302226E-15	-2.5000000000E-01
6.66 	-4.3142346805E-15	-2.5000000000E-01
6.67 	-4.1038269723E-15	-2.5000000000E-01
6.68 	-3.9036809691E-15	-2.5000000000E-01
6.69 	-3.7132962016E-15	-2.5000000000E-01
6.70 	-3.5321966089E-15	-2.5000000000E-01
6.71 	-3.3599293475E-15	-2.5000000000E-01
6.72 	-3.1960636596E-15	-2.5000000000E-01
6.73 	-3.0401897956E-15	-2.5000000000E-01
6.74 	-2.8919179896E-15	-2.5000000000E-01
6.75 	-2.7508774850E-15	-2.5000000000E-01
6.76 	-2.6167156069E-15	-2.5000000000E-01
6.77 	-2.4890968808E-15	-2.5000000000E-01
6.78 	-2.3677021935E-15	-2.5000000000E-01
6.79 	-2.2522279949E-15	-2.5000000000E-01
6.80 	-2.1423855394E-15	-2.5000000000E-01
6.81 	-2.0379001637E-15	-2.5000000000E-01
6.82 	-1.9385105999E-15	-2.5000000000E-01
6.83 	-1.8439683224E-15	-2.5000000000E-01
6.84 	-1.7540369261E-15	-2.5000000000E-01
6.85 	-1.6684915357E-15	-2.5000000000E-01
6.86 	-1.5871182433E-15	-2.5000000000E-01
6.87 	-1.5097135732E-15	-2.5000000000E-01
6.88 	-1.4360839734E-15	-2.5000000000E-01
6.89 	-1.3660453316E-15	-2.5000000000E-01
6.90 	-1.2994225146E-15	-2.5000000000E-01
6.91 	-1.2360489307E-15	-2.5000000000E-01
6.92 	-1.1757661130E-15	-2.5000000000E-01
6.93 	-1.1184233231E-15	-2.5000000000E-01
6.94 	-1.0638771739E-15	-2.5000000000E-01
6.95 	-1.0119912719E-15	-2.5000000000E-01
6.96 	-9.6263587517E-16	-2.5000000000E-01
6.97 	-9.1568756954E-16	-2.5000000000E-01
6.98 	-8.7102895980E-16	-2.5000000000E-01
6.99 	-8.2854837615E-16	-2.5000000000E-01
7.00 	-7.8813959502E-16	-2.5000000000E-01
7.01 	-7.4970157340E-16	-2.5000000000E-01
7.02 	-7.1313819621E-16	-2.5000000000E-01
7.03 	-6.7835803597E-16	-2.5000000000E-01
7.04 	-6.4527412416E-16	-2.5000000000E-01
7.05 	-6.1380373377E-16	-2.5000000000E-01
7.06 	-5.8386817243E-16	-2.5000000000E-01
7.07 	-5.5539258565E-16	-2.5000000000E-01
7.08 	-5.2830576962E-16	-2.5000000000E-01
7.09 	-5.0253999319E-16	-2.5000000000E-01
7.10 	-4.7803082851E-16	-2.5000000000E-01
7.11 	-4.5471698990E-16	-2.5000000000E-01
7.12 	-4.3254018061E-16	-2.5000000000E-01
7.13 	-4.1144494708E-16	-2.5000000000E-01
7.14 	-3.9137854022E-16	-2.5000000000E-01
7.15 	-3.7229078358E-16	-2.5000000000E-01
7.16 	-3.5413394781E-16	-2.5000000000E-01
7.17 	-3.3686263137E-16	-2.5000000000E-01
7.18 	-3.2043364697E-16	-2.5000000000E-01
7.19 	-3.0480591360E-16	-2.5000000000E-01
7.20 	-2.8994035378E-16	-2.5000000000E-01
7.21 	-2.7579979587E-16	-2.5000000000E-01
7.22 	-2.6234888110E-16	-2.5000000000E-01
7.23 	-2.4955397519E-16	-2.5000000000E-01
7.24 	-2.3738308420E-16	-2.5000000000E-01
7.25 	-2.2580577457E-16	-2.5000000000E-01
7.26 	-2.1479309699E-16	-2.5000000000E-01
7.27 	-2.0431751404E-16	-2.5000000000E-01
7.28 	-1.9435283129E-16	-2.5000000000E-01
7.29 	-1.8487413186E-16	-2.5000000000E-01
7.30 	-1.7585771406E-16	-2.5000000000E-01
7.31 	-1.6728103214E-16	-2.5000000000E-01
7.32 	-1.5912263993E-16	-2.5000000000E-01
7.33 	-1.5136213720E-16	-2.5000000000E-01
7.34 	-1.4398011866E-16	-2.5000000000E-01
7.35 	-1.3695812542E-16	-2.5000000000E-01
7.36 	-1.3027859882E-16	-2.5000000000E-01
7.37 	-1.2392483658E-16	-2.5000000000E-01
7.38 	-1.1788095098E-16	-2.5000000000E-01
7.39 	-1.1213182916E-16	-2.5000000000E-01
7.40 	-1.0666309532E-16	-2.5000000000E-01
7.41 	-1.0146107478E-16	-2.5000000000E-01
7.42 	-9.6512759771E-17	-2.5000000000E-01
7.43 	-9.1805776934E-17	-2.5000000000E-01
7.44 	-8.7328356358E-17	-2.5000000000E-01
7.45 	-8.3069302161E-17	-2.5000000000E-01
7.46 	-7.9017964489E-17	-2.5000000000E-01
7.47 	-7.5164212886E-17	-2.5000000000E-01
7.48 	-7.1498410966E-17	-2.5000000000E-01
7.49 	-6.8011392316E-17	-2.5000000000E-01
7.50 	-6.4694437573E-17	-2.5000000000E-01
7.51 	-6.1539252621E-17	-2.5000000000E-01
7.52 	-5.8537947854E-17	-2.5000000000E-01
7.53 	-5.5683018449E-17	-2.5000000000E-01
7.54 	-5.2967325594E-17	-2.5000000000E-01
7.55 	-5.0384078642E-17	-2.5000000000E-01
7.56 	-4.7926818130E-17	-2.5000000000E-01
7.57 	-4.5589399628E-17	-2.5000000000E-01
7.58 	-4.3365978372E-17	-2.5000000000E-01
7.59 	-4.1250994650E-17	-2.5000000000E-01
7.60 	-3.9239159901E-17	-2.5000000000E-01
7.61 	-3.7325443490E-17	-2.5000000000E-01
7.62 	-3.5505060130E-17	-2.5000000000E-01
7.63 	-3.3773457915E-17	-2.5000000000E-01
7.64 	-3.2126306936E-17	-2.5000000000E-01
7.65 	-3.0559488458E-17	-2.5000000000E-01
7.66 	-2.9069084619E-17	-2.5000000000E-01
7.67 	-2.7651368633E-17	-2.5000000000E-01
7.68 	-2.6302795471E-17	-2.5000000000E-01
7.69 	-2.5019992999E-17	-2.5000000000E-01
7.70 	-2.3799753541E-17	-2.5000000000E-01
7.71 	-2.2639025864E-17	-2.5000000000E-01
7.72 	-2.1534907544E-17	-2.5000000000E-01
7.73 	-2.0484637710E-17	-2.5000000000E-01
7.74 	-1.9485590140E-17	-2.5000000000E-01
7.75 	-1.8535266695E-17	-2.5000000000E-01
7.76 	-1.7631291071E-17	-2.5000000000E-01
7.77 	-1.6771402859E-17	-2.5000000000E-01
7.78 	-1.5953451889E-17	-2.5000000000E-01
7.79 	-1.5175392859E-17	-2.5000000000E-01
7.80 	-1.4435280216E-17	-2.5000000000E-01
7.81 	-1.3731263293E-17	-2.5000000000E-01
7.82 	-1.3061581680E-17	-2.5000000000E-01
7.83 	-1.2424560824E-17	-2.5000000000E-01
7.84 	-1.1818607842E-17	-2.5000000000E-01
7.85 	-1.1242207536E-17	-2.5000000000E-01
7.86 	-1.0693918605E-17	-2.5000000000E-01
7.87 	-1.0172370040E-17	-2.5000000000E-01
7.88 	-9.6762576991E-18	-2.5000000000E-01
7.89 	-9.2043410424E-18	-2.5000000000E-01
7.90 	-8.7554400327E-18	-2.5000000000E-01
7.91 	-8.3284321836E-18	-2.5000000000E-01
7.92 	-7.9222497530E-18	-2.5000000000E-01
7.93 	-7.5358770733E-18	-2.5000000000E-01
7.94 	-7.1683480115E-18	-2.5000000000E-01
7.95 	-6.8187435536E-18	-2.5000000000E-01
7.96 	-6.4861895063E-18	-2.5000000000E-01
7.97 	-6.1698543113E-18	-2.5000000000E-01
7.98 	-5.8689469658E-18	-2.5000000000E-01
7.99 	-5.5827150447E-18	-2.5000000000E-01
8.00 	-5.3104428191E-18	-2.5000000000E-01
8.01 	-5.0514494667E-18	-2.5000000000E-01
8.02 	-4.8050873691E-18	-2.5000000000E-01
8.03 	-4.5707404928E-18	-2.5000000000E-01
8.04 	-4.3478228485E-18	-2.5000000000E-01
8.05 	-4.1357770260E-18	-2.5000000000E-01
8.06 	-3.9340728003E-18	-2.5000000000E-01
8.07 	-3.7422058058E-18	-2.5000000000E-01
8.08 	-3.5596962750E-18	-2.5000000000E-01
8.09 	-3.3860878390E-18	-2.5000000000E-01
8.10 	-3.2209463864E-18	-2.5000000000E-01
8.11 	-3.0638589775E-18	-2.5000000000E-01
8.12 	-2.9144328119E-18	-2.5000000000E-01
8.13 	-2.7722942464E-18	-2.5000000000E-01
8.14 	-2.6370878606E-18	-2.5000000000E-01
8.15 	-2.5084755680E-18	-2.5000000000E-01
8.16 	-2.3861357709E-18	-2.5000000000E-01
8.17 	-2.2697625561E-18	-2.5000000000E-01
8.18 	-2.1590649300E-18	-2.5000000000E-01
8.19 	-2.0537660909E-18	-2.5000000000E-01
8.20 	-1.9536027367E-18	-2.5000000000E-01
8.21 	-1.8583244069E-18	-2.5000000000E-01
8.22 	-1.7676928561E-18	-2.5000000000E-01
8.23 	-1.6814814582E-18	-2.5000000000E-01
8.24 	-1.5994746398E-18	-2.5000000000E-01
8.25 	-1.5214673411E-18	-2.5000000000E-01
8.26 	-1.4472645033E-18	-2.5000000000E-01
8.27 	-1.3766805806E-18	-2.5000000000E-01
8.28 	-1.3095390764E-18	-2.5000000000E-01
8.29 	-1.2456721020E-18	-2.5000000000E-01
8.30 	-1.1849199567E-18	-2.5000000000E-01
8.31 	-1.1271307285E-18	-2.5000000000E-01
8.32 	-1.0721599142E-18	-2.5000000000E-01
8.33 	-1.0198700581E-18	-2.5000000000E-01
8.34 	-9.7013040848E-19	-2.5000000000E-01
8.35 	-9.2281659015E-19	-2.5000000000E-01
8.36 	-8.7781029396E-19	-2.5000000000E-01
8.37 	-8.3499898075E-19	-2.5000000000E-01
8.38 	-7.9427559992E-19	-2.5000000000E-01
8.39 	-7.5553832180E-19	-2.5000000000E-01
8.40 	-7.1869028304E-19	-2.5000000000E-01
8.41 	-6.8363934433E-19	-2.5000000000E-01
8.42 	-6.5029786007E-19	-2.5000000000E-01
8.43 	-6.1858245919E-19	-2.5000000000E-01
8.44 	-5.8841383666E-19	-2.5000000000E-01
8.45 	-5.5971655521E-19	-2.5000000000E-01
8.46 	-5.3241885670E-19	-2.5000000000E-01
8.47 	-5.0645248265E-19	-2.5000000000E-01
8.48 	-4.8175250361E-19	-2.5000000000E-01
8.49 	-4.5825715676E-19	-2.5000000000E-01
8.50 	-4.3590769150E-19	-2.5000000000E-01
8.51 	-4.1464822252E-19	-2.5000000000E-01
8.52 	-3.9442559008E-19	-2.5000000000E-01
8.53 	-3.7518922706E-19	-2.5000000000E-01
8.54 	-3.5689103253E-19	-2.5000000000E-01
8.55 	-3.3948525149E-19	-2.5000000000E-01
8.56 	-3.2292836040E-19	-2.5000000000E-01
8.57 	-3.0717895842E-19	-2.5000000000E-01
8.58 	-2.9219766383E-19	-2.5000000000E-01
8.59 	-2.7794701561E-19	-2.5000000000E-01
8.60 	-2.6439137970E-19	-2.5000000000E-01
8.61 	-2.5149685995E-19	-2.5000000000E-01
8.62 	-2.3923121336E-19	-2.5000000000E-01
8.63 	-2.2756376940E-19	-2.5000000000E-01
8.64 	-2.1646535341E-19	-2.5000000000E-01
8.65 	-2.0590821355E-19	-2.5000000000E-01
8.66 	-1.9586595147E-19	-2.5000000000E-01
8.67 	-1.8631345630E-19	-2.5000000000E-01
8.68 	-1.7722684181E-19	-2.5000000000E-01
8.69 	-1.6858338674E-19	-2.5000000000E-01
8.70 	-1.6036147795E-19	-2.5000000000E-01
8.71 	-1.5254055638E-19	-2.5000000000E-01
8.72 	-1.4510106566E-19	-2.5000000000E-01
8.73 	-1.3802440318E-19	-2.5000000000E-01
8.74 	-1.3129287361E-19	-2.5000000000E-01
8.75 	-1.2488964460E-19	-2.5000000000E-01
8.76 	-1.1879870476E-19	-2.5000000000E-01
8.77 	-1.1300482356E-19	-2.5000000000E-01
8.78 	-1.0749351328E-19	-2.5000000000E-01
8.79 	-1.0225099278E-19	-2.5000000000E-01
8.80 	-9.7264153014E-20	-2.5000000000E-01
8.81 	-9.2520524296E-20	-2.5000000000E-01
8.82 	-8.8008245081E-20	-2.5000000000E-01
8.83 	-8.3716032320E-20	-2.5000000000E-01
8.84 	-7.9633153245E-20	-2.5000000000E-01
8.85 	-7.5749398532E-20	-2.5000000000E-01
8.86 	-7.2055056772E-20	-2.5000000000E-01
8.87 	-6.8540890186E-20	-2.5000000000E-01
8.88 	-6.5198111526E-20	-2.5000000000E-01
8.89 	-6.2018362105E-20	-2.5000000000E-01
8.90 	-5.8993690894E-20	-2.5000000000E-01
8.91 	-5.6116534638E-20	-2.5000000000E-01
8.92 	-5.3379698949E-20	-2.5000000000E-01
8.93 	-5.0776340311E-20	-2.5000000000E-01
8.94 	-4.8299948973E-20	-2.5000000000E-01
8.95 	-4.5944332665E-20	-2.5000000000E-01
8.96 	-4.3703601120E-20	-2.5000000000E-01
8.97 	-4.1572151342E-20	-2.5000000000E-01
8.98 	-3.9544653596E-20	-2.5000000000E-01
8.99 	-3.7616038082E-20	-2.5000000000E-01
9.00 	-3.5781482257E-20	-2.5000000000E-01
9.01 	-3.4036398775E-20	-2.5000000000E-01
9.02 	-3.2376424019E-20	-2.5000000000E-01
9.03 	-3.0797407187E-20	-2.5000000000E-01
9.04 	-2.9295399914E-20	-2.5000000000E-01
9.05 	-2.7866646401E-20	-2.5000000000E-01
9.06 	-2.6507574019E-20	-2.5000000000E-01
9.07 	-2.5214784379E-20	-2.5000000000E-01
9.08 	-2.3985044834E-20	-2.5000000000E-01
9.09 	-2.2815280394E-20	-2.5000000000E-01
9.10 	-2.1702566039E-20	-2.5000000000E-01
9.11 	-2.0644119403E-20	-2.5000000000E-01
9.12 	-1.9637293819E-20	-2.5000000000E-01
9.13 	-1.8679571698E-20	-2.5000000000E-01
9.14 	-1.7768558237E-20	-2.5000000000E-01
9.15 	-1.6901975426E-20	-2.5000000000E-01
9.16 	-1.6077656357E-20	-2.5000000000E-01
9.17 	-1.5293539804E-20	-2.5000000000E-01
9.18 	-1.4547665066E-20	-2.5000000000E-01
9.19 	-1.3838167069E-20	-2.5000000000E-01
9.20 	-1.3163271697E-20	-2.5000000000E-01
9.21 	-1.2521291361E-20	-2.5000000000E-01
9.22 	-1.1910620775E-20	-2.5000000000E-01
9.23 	-1.1329732945E-20	-2.5000000000E-01
9.24 	-1.0777175349E-20	-2.5000000000E-01
9.25 	-1.0251566305E-20	-2.5000000000E-01
9.26 	-9.7515915169E-21	-2.5000000000E-01
9.27 	-9.2760007866E-21	-2.5000000000E-01
9.28 	-8.8236048899E-21	-2.5000000000E-01
9.29 	-8.3932726014E-21	-2.5000000000E-01
9.30 	-7.9839278663E-21	-2.5000000000E-01
9.31 	-7.5945471095E-21	-2.5000000000E-01
9.32 	-7.2241566763E-21	-2.5000000000E-01
9.33 	-6.8718303977E-21	-2.5000000000E-01
9.34 	-6.5366872745E-21	-2.5000000000E-01
9.35 	-6.2178892743E-21	-2.5000000000E-01
9.36 	-5.9146392360E-21	-2.5000000000E-01
9.37 	-5.6261788766E-21	-2.5000000000E-01
9.38 	-5.3517868949E-21	-2.5000000000E-01
9.39 	-5.0907771681E-21	-2.5000000000E-01
9.40 	-4.8424970359E-21	-2.5000000000E-01
9.41 	-4.6063256686E-21	-2.5000000000E-01
9.42 	-4.3816725148E-21	-2.5000000000E-01
9.43 	-4.1679758246E-21	-2.5000000000E-01
9.44 	-3.9647012449E-21	-2.5000000000E-01
9.45 	-3.7713404835E-21	-2.5000000000E-01
9.46 	-3.5874100378E-21	-2.5000000000E-01
9.47 	-3.4124499857E-21	-2.5000000000E-01
9.48 	-3.2460228360E-21	-2.5000000000E-01
9.49 	-3.0877124342E-21	-2.5000000000E-01
9.50 	-2.9371229218E-21	-2.5000000000E-01
9.51 	-2.7938777466E-21	-2.5000000000E-01
9.52 	-2.6576187210E-21	-2.5000000000E-01
9.53 	-2.5280051265E-21	-2.5000000000E-01
9.54 	-2.4047128617E-21	-2.5000000000E-01
9.55 	-2.2874336315E-21	-2.5000000000E-01
9.56 	-2.1758741769E-21	-2.5000000000E-01
9.57 	-2.0697555410E-21	-2.5000000000E-01
9.58 	-1.9688123722E-21	-2.5000000000E-01
9.59 	-1.8727922597E-21	-2.5000000000E-01
9.60 	-1.7814551034E-21	-2.5000000000E-01
9.61 	-1.6945725128E-21	-2.5000000000E-01
9.62 	-1.6119272361E-21	-2.5000000000E-01
9.63 	-1.5333126172E-21	-2.5000000000E-01
9.64 	-1.4585320784E-21	-2.5000000000E-01
9.65 	-1.3873986296E-21	-2.5000000000E-01
9.66 	-1.3197343999E-21	-2.5000000000E-01
9.67 	-1.2553701938E-21	-2.5000000000E-01
9.68 	-1.1941450669E-21	-2.5000000000E-01
9.69 	-1.1359059248E-21	-2.5000000000E-01
9.70 	-1.0805071391E-21	-2.5000000000E-01
9.71 	-1.0278101841E-21	-2.5000000000E-01
9.72 	-9.7768328994E-22	-2.5000000000E-01
9.73 	-9.3000111323E-22	-2.5000000000E-01
9.74 	-8.8464442373E-22	-2.5000000000E-01
9.75 	-8.4149980607E-22	-2.5000000000E-01
9.76 	-8.0045937624E-22	-2.5000000000E-01
9.77 	-7.6142051180E-22	-2.5000000000E-01
9.78 	-7.2428559524E-22	-2.5000000000E-01
9.79 	-6.8896176994E-22	-2.5000000000E-01
9.80 	-6.5536070792E-22	-2.5000000000E-01
9.81 	-6.2339838904E-22	-2.5000000000E-01
9.82 	-5.9299489084E-22	-2.5000000000E-01
9.83 	-5.6407418874E-22	-2.5000000000E-01
9.84 	-5.3656396593E-22	-2.5000000000E-01
9.85 	-5.1039543252E-22	-2.5000000000E-01
9.86 	-4.8550315355E-22	-2.5000000000E-01
9.87 	-4.6182488534E-22	-2.5000000000E-01
9.88 	-4.3930141990E-22	-2.5000000000E-01
9.89 	-4.1787643684E-22	-2.5000000000E-01
9.90 	-3.9749636252E-22	-2.5000000000E-01
9.91 	-3.7811023617E-22	-2.5000000000E-01
9.92 	-3.5966958235E-22	-2.5000000000E-01
9.93 	-3.4212828982E-22	-2.5000000000E-01
9.94 	-3.2544249624E-22	-2.5000000000E-01
9.95 	-3.0957047840E-22	-2.5000000000E-01
9.96 	-2.9447254801E-22	-2.5000000000E-01
9.97 	-2.8011095238E-22	-2.5000000000E-01
9.98 	-2.6644978003E-22	-2.5000000000E-01
9.99 	-2.5345487091E-22	-2.5000000000E-01
10.00 	-2.4109373100E-22	-2.5000000000E-01
10.01 	-2.2933545099E-22	-2.5000000000E-01
10.02 	-2.1815062906E-22	-2.5000000000E-01
10.03 	-2.0751129733E-22	-2.5000000000E-01
10.04 	-1.9739085194E-22	-2.5000000000E-01
10.05 	-1.8776398649E-22	-2.5000000000E-01
10.06 	-1.7860662881E-22	-2.5000000000E-01
10.07 	-1.6989588074E-22	-2.5000000000E-01
10.08 	-1.6160996086E-22	-2.5000000000E-01
10.09 	-1.5372815006E-22	-2.5000000000E-01
10.10 	-1.4623073971E-22	-2.5000000000E-01
10.11 	-1.3909898238E-22	-2.5000000000E-01
10.12 	-1.3231504496E-22	-2.5000000000E-01
10.13 	-1.2586196407E-22	-2.5000000000E-01
10.14 	-1.1972360365E-22	-2.5000000000E-01
10.15 	-1.1388461460E-22	-2.5000000000E-01
10.16 	-1.0833039640E-22	-2.5000000000E-01
10.17 	-1.0304706063E-22	-2.5000000000E-01
10.18 	-9.8021396176E-23	-2.5000000000E-01
10.19 	-9.3240836274E-23	-2.5000000000E-01
10.20 	-8.8693427029E-23	-2.5000000000E-01
10.21 	-8.4367797549E-23	-2.5000000000E-01
10.22 	-8.0253131509E-23	-2.5000000000E-01
10.23 	-7.6339140100E-23	-2.5000000000E-01
10.24 	-7.2616036304E-23	-2.5000000000E-01
10.25 	-6.9074510423E-23	-2.5000000000E-01
10.26 	-6.5705706797E-23	-2.5000000000E-01
10.27 	-6.2501201663E-23	-2.5000000000E-01
10.28 	-5.9452982089E-23	-2.5000000000E-01
10.29 	-5.6553425937E-23	-2.5000000000E-01
10.30 	-5.3795282808E-23	-2.5000000000E-01
10.31 	-5.1171655906E-23	-2.5000000000E-01
10.32 	-4.8675984798E-23	-2.5000000000E-01
10.33 	-4.6302029007E-23	-2.5000000000E-01
10.34 	-4.4043852405E-23	-2.5000000000E-01
10.35 	-4.1895808376E-23	-2.5000000000E-01
10.36 	-3.9852525691E-23	-2.5000000000E-01
10.37 	-3.7908895078E-23	-2.5000000000E-01
10.38 	-3.6060056448E-23	-2.5000000000E-01
10.39 	-3.4301386743E-23	-2.5000000000E-01
10.40 	-3.2628488371E-23	-2.5000000000E-01
10.41 	-3.1037178215E-23	-2.5000000000E-01
10.42 	-2.9523477172E-23	-2.5000000000E-01
10.43 	-2.8083600199E-23	-2.5000000000E-01
10.44 	-2.6713946856E-23	-2.5000000000E-01
10.45 	-2.5411092294E-23	-2.5000000000E-01
10.46 	-2.4171778698E-23	-2.5000000000E-01
10.47 	-2.2992907140E-23	-2.5000000000E-01
10.48 	-2.1871529827E-23	-2.5000000000E-01
10.49 	-2.0804842730E-23	-2.5000000000E-01
10.50 	-1.9790178577E-23	-2.5000000000E-01
10.51 	-1.8825000179E-23	-2.5000000000E-01
10.52 	-1.7906894086E-23	-2.5000000000E-01
10.53 	-1.7033564556E-23	-2.5000000000E-01
10.54 	-1.6202827810E-23	-2.5000000000E-01
10.55 	-1.5412606573E-23	-2.5000000000E-01
10.56 	-1.4660924880E-23	-2.5000000000E-01
10.57 	-1.3945903137E-23	-2.5000000000E-01
10.58 	-1.3265753415E-23	-2.5000000000E-01
10.59 	-1.2618774986E-23	-2.5000000000E-01
10.60 	-1.2003350068E-23	-2.5000000000E-01
10.61 	-1.1417939777E-23	-2.5000000000E-01
10.62 	-1.0861080283E-23	-2.5000000000E-01
10.63 	-1.0331379147E-23	-2.5000000000E-01
10.64 	-9.8275118407E-24	-2.5000000000E-01
10.65 	-9.3482184325E-24	-2.5000000000E-01
10.66 	-8.8923004397E-24	-2.5000000000E-01
10.67 	-8.4586178297E-24	-2.5000000000E-01
10.68 	-8.0460861703E-24	-2.5000000000E-01
10.69 	-7.6536739172E-24	-2.5000000000E-01
10.70 	-7.2803998356E-24	-2.5000000000E-01
10.71 	-6.9253305457E-24	-2.5000000000E-01
10.72 	-6.5875781895E-24	-2.5000000000E-01
10.73 	-6.2662982101E-24	-2.5000000000E-01
10.74 	-5.9606872401E-24	-2.5000000000E-01
10.75 	-5.6699810930E-24	-2.5000000000E-01
10.76 	-5.3934528521E-24	-2.5000000000E-01
10.77 	-5.1304110525E-24	-2.5000000000E-01
10.78 	-4.8801979529E-24	-2.5000000000E-01
10.79 	-4.6421878902E-24	-2.5000000000E-01
10.80 	-4.4157857153E-24	-2.5000000000E-01
10.81 	-4.2004253046E-24	-2.5000000000E-01
10.82 	-3.9955681452E-24	-2.5000000000E-01
10.83 	-3.8007019873E-24	-2.5000000000E-01
10.84 	-3.6153395641E-24	-2.5000000000E-01
10.85 	-3.4390173729E-24	-2.5000000000E-01
10.86 	-3.2712945165E-24	-2.5000000000E-01
10.87 	-3.1117516003E-24	-2.5000000000E-01
10.88 	-2.9599896839E-24	-2.5000000000E-01
10.89 	-2.8156292836E-24	-2.5000000000E-01
10.90 	-2.6783094230E-24	-2.5000000000E-01
10.91 	-2.5476867311E-24	-2.5000000000E-01
10.92 	-2.4234345830E-24	-2.5000000000E-01
10.93 	-2.3052422837E-24	-2.5000000000E-01
10.94 	-2.1928142909E-24	-2.5000000000E-01
10.95 	-2.0858694760E-24	-2.5000000000E-01
10.96 	-1.9841404212E-24	-2.5000000000E-01
10.97 	-1.8873727510E-24	-2.5000000000E-01
10.98 	-1.7953244957E-24	-2.5000000000E-01
10.99 	-1.7077654869E-24	-2.5000000000E-01
11.00 	-1.6244767813E-24	-2.5000000000E-01
11.01 	-1.5452501138E-24	-2.5000000000E-01
11.02 	-1.4698873764E-24	-2.5000000000E-01
11.03 	-1.3982001231E-24	-2.5000000000E-01
11.04 	-1.3300090985E-24	-2.5000000000E-01
11.05 	-1.2651437893E-24	-2.5000000000E-01
11.06 	-1.2034419986E-24	-2.5000000000E-01
11.07 	-1.1447494398E-24	-2.5000000000E-01
11.08 	-1.0889193508E-24	-2.5000000000E-01
11.09 	-1.0358121274E-24	-2.5000000000E-01
11.10 	-9.8529497383E-25	-2.5000000000E-01
11.11 	-9.3724157092E-25	-2.5000000000E-01
11.12 	-8.9153176012E-25	-2.5000000000E-01
11.13 	-8.4805124310E-25	-2.5000000000E-01
11.14 	-8.0669129592E-25	-2.5000000000E-01
11.15 	-7.6734849717E-25	-2.5000000000E-01
11.16 	-7.2992446936E-25	-2.5000000000E-01
11.17 	-6.9432563291E-25	-2.5000000000E-01
11.18 	-6.6046297221E-25	-2.5000000000E-01
11.19 	-6.2825181296E-25	-2.5000000000E-01
11.20 	-5.9761161049E-25	-2.5000000000E-01
11.21 	-5.6846574832E-25	-2.5000000000E-01
11.22 	-5.4074134662E-25	-2.5000000000E-01
11.23 	-5.1436907995E-25	-2.5000000000E-01
11.24 	-4.8928300390E-25	-2.5000000000E-01
11.25 	-4.6542039022E-25	-2.5000000000E-01
11.26 	-4.4272156994E-25	-2.5000000000E-01
11.27 	-4.2112978419E-25	-2.5000000000E-01
11.28 	-4.0059104225E-25	-2.5000000000E-01
11.29 	-3.8105398658E-25	-2.5000000000E-01
11.30 	-3.6246976436E-25	-2.5000000000E-01
11.31 	-3.4479190535E-25	-2.5000000000E-01
11.32 	-3.2797620570E-25	-2.5000000000E-01
11.33 	-3.1198061740E-25	-2.5000000000E-01
11.34 	-2.9676514314E-25	-2.5000000000E-01
11.35 	-2.8229173632E-25	-2.5000000000E-01
11.36 	-2.6852420588E-25	-2.5000000000E-01
11.37 	-2.5542812583E-25	-2.5000000000E-01
11.38 	-2.4297074913E-25	-2.5000000000E-01
11.39 	-2.3112092587E-25	-2.5000000000E-01
11.40 	-2.1984902530E-25	-2.5000000000E-01
11.41 	-2.0912686182E-25	-2.5000000000E-01
11.42 	-1.9892762441E-25	-2.5000000000E-01
11.43 	-1.8922580969E-25	-2.5000000000E-01
11.44 	-1.7999715805E-25	-2.5000000000E-01
11.45 	-1.7121859306E-25	-2.5000000000E-01
11.46 	-1.6286816374E-25	-2.5000000000E-01
11.47 	-1.5492498967E-25	-2.5000000000E-01
11.48 	-1.4736920876E-25	-2.5000000000E-01
11.49 	-1.4018192764E-25	-2.5000000000E-01
11.50 	-1.3334517435E-25	-2.5000000000E-01
11.51 	-1.2684185346E-25	-2.5000000000E-01
11.52 	-1.2065570327E-25	-2.5000000000E-01
11.53 	-1.1477125518E-25	-2.5000000000E-01
11.54 	-1.0917379502E-25	-2.5000000000E-01
11.55 	-1.0384932621E-25	-2.5000000000E-01
11.56 	-9.8784534802E-26	-2.5000000000E-01
11.57 	-9.3966756189E-26	-2.5000000000E-01
11.58 	-8.9383943412E-26	-2.5000000000E-01
11.59 	-8.5024637051E-26	-2.5000000000E-01
11.60 	-8.0877936571E-26	-2.5000000000E-01
11.61 	-7.6933473059E-26	-2.5000000000E-01
11.62 	-7.3181383303E-26	-2.5000000000E-01
11.63 	-6.9612285123E-26	-2.5000000000E-01
11.64 	-6.6217253916E-26	-2.5000000000E-01
11.65 	-6.2987800334E-26	-2.5000000000E-01
11.66 	-5.9915849063E-26	-2.5000000000E-01
11.67 	-5.6993718622E-26	-2.5000000000E-01
11.68 	-5.4214102165E-26	-2.5000000000E-01
11.69 	-5.1570049202E-26	-2.5000000000E-01
11.70 	-4.9054948224E-26	-2.5000000000E-01
11.71 	-4.6662510168E-26	-2.5000000000E-01
11.72 	-4.4386752693E-26	-2.5000000000E-01
11.73 	-4.2221985220E-26	-2.5000000000E-01
11.74 	-4.0162794702E-26	-2.5000000000E-01
11.75 	-3.8204032091E-26	-2.5000000000E-01
11.76 	-3.6340799459E-26	-2.5000000000E-01
11.77 	-3.4568437755E-26	-2.5000000000E-01
11.78 	-3.2882515152E-26	-2.5000000000E-01
11.79 	-3.1278815964E-26	-2.5000000000E-01
11.80 	-2.9753330109E-26	-2.5000000000E-01
11.81 	-2.8302243076E-26	-2.5000000000E-01
11.82 	-2.6921926394E-26	-2.5000000000E-01
11.83 	-2.5608928550E-26	-2.5000000000E-01
11.84 	-2.4359966366E-26	-2.5000000000E-01
11.85 	-2.3171916788E-26	-2.5000000000E-01
11.86 	-2.2041809070E-26	-2.5000000000E-01
11.87 	-2.0966817357E-26	-2.5000000000E-01
11.88 	-1.9944253608E-26	-2.5000000000E-01
11.89 	-1.8971560882E-26	-2.5000000000E-01
11.90 	-1.8046306939E-26	-2.5000000000E-01
11.91 	-1.7166178164E-26	-2.5000000000E-01
11.92 	-1.6328973776E-26	-2.5000000000E-01
11.93 	-1.5532600328E-26	-2.5000000000E-01
11.94 	-1.4775066471E-26	-2.5000000000E-01
11.95 	-1.4054477976E-26	-2.5000000000E-01
11.96 	-1.3369032997E-26	-2.5000000000E-01
11.97 	-1.2717017564E-26	-2.5000000000E-01
11.98 	-1.2096801298E-26	-2.5000000000E-01
11.99 	-1.1506833337E-26	-2.5000000000E-01
12.00 	-1.0945638453E-26	-2.5000000000E-01
12.01 	-1.0411813367E-26	-2.5000000000E-01
12.02 	-9.9040232369E-27	-2.5000000000E-01
12.03 	-9.4209983239E-27	-2.5000000000E-01
12.04 	-8.9615308138E-27	-2.5000000000E-01
12.05 	-8.5244717987E-27	-2.5000000000E-01
12.06 	-8.1087284033E-27	-2.5000000000E-01
12.07 	-7.7132610525E-27	-2.5000000000E-01
12.08 	-7.3370808720E-27	-2.5000000000E-01
12.09 	-6.9792472153E-27	-2.5000000000E-01
12.10 	-6.6388653121E-27	-2.5000000000E-01
12.11 	-6.3150840302E-27	-2.5000000000E-01
12.12 	-6.0070937477E-27	-2.5000000000E-01
12.13 	-5.7141243285E-27	-2.5000000000E-01
12.14 	-5.4354431966E-27	-2.5000000000E-01
12.15 	-5.1703535038E-27	-2.5000000000E-01
12.16 	-4.9181923879E-27	-2.5000000000E-01
12.17 	-4.6783293147E-27	-2.5000000000E-01
12.18 	-4.4501645016E-27	-2.5000000000E-01
12.19 	-4.2331274178E-27	-2.5000000000E-01
12.20 	-4.0266753575E-27	-2.5000000000E-01
12.21 	-3.8302920830E-27	-2.5000000000E-01
12.22 	-3.6434865337E-27	-2.5000000000E-01
12.23 	-3.4657915987E-27	-2.5000000000E-01
12.24 	-3.2967629478E-27	-2.5000000000E-01
12.25 	-3.1359779216E-27	-2.5000000000E-01
12.26 	-2.9830344736E-27	-2.5000000000E-01
12.27 	-2.8375501656E-27	-2.5000000000E-01
12.28 	-2.6991612110E-27	-2.5000000000E-01
12.29 	-2.5675215654E-27	-2.5000000000E-01
12.30 	-2.4423020610E-27	-2.5000000000E-01
12.31 	-2.3231895840E-27	-2.5000000000E-01
12.32 	-2.2098862910E-27	-2.5000000000E-01
12.33 	-2.1021088648E-27	-2.5000000000E-01
12.34 	-1.9995878057E-27	-2.5000000000E-01
12.35 	-1.9020667576E-27	-2.5000000000E-01
12.36 	-1.8093018672E-27	-2.5000000000E-01
12.37 	-1.7210611739E-27	-2.5000000000E-01
12.38 	-1.6371240300E-27	-2.5000000000E-01
12.39 	-1.5572805489E-27	-2.5000000000E-01
12.40 	-1.4813310803E-27	-2.5000000000E-01
12.41 	-1.4090857110E-27	-2.5000000000E-01
12.42 	-1.3403637899E-27	-2.5000000000E-01
12.43 	-1.2749934765E-27	-2.5000000000E-01
12.44 	-1.2128113109E-27	-2.5000000000E-01
12.45 	-1.1536618053E-27	-2.5000000000E-01
12.46 	-1.0973970551E-27	-2.5000000000E-01
12.47 	-1.0438763692E-27	-2.5000000000E-01
12.48 	-9.9296591794E-28	-2.5000000000E-01
12.49 	-9.4453839867E-28	-2.5000000000E-01
12.50 	-8.9847271738E-28	-2.5000000000E-01
12.51 	-8.5465368589E-28	-2.5000000000E-01
12.52 	-8.1297173377E-28	-2.5000000000E-01
12.53 	-7.7332263445E-28	-2.5000000000E-01
12.54 	-7.3560724452E-28	-2.5000000000E-01
12.55 	-6.9973125587E-28	-2.5000000000E-01
12.56 	-6.6560495982E-28	-2.5000000000E-01
12.57 	-6.3314302288E-28	-2.5000000000E-01
12.58 	-6.0226427328E-28	-2.5000000000E-01
12.59 	-5.7289149807E-28	-2.5000000000E-01
12.60 	-5.4495125001E-28	-2.5000000000E-01
12.61 	-5.1837366393E-28	-2.5000000000E-01
12.62 	-4.9309228201E-28	-2.5000000000E-01
12.63 	-4.6904388764E-28	-2.5000000000E-01
12.64 	-4.4616834731E-28	-2.5000000000E-01
12.65 	-4.2440846024E-28	-2.5000000000E-01
12.66 	-4.0370981539E-28	-2.5000000000E-01
12.67 	-3.8402065536E-28	-2.5000000000E-01
12.68 	-3.6529174699E-28	-2.5000000000E-01
12.69 	-3.4747625827E-28	-2.5000000000E-01
12.70 	-3.3052964118E-28	-2.5000000000E-01
12.71 	-3.1440952036E-28	-2.5000000000E-01
12.72 	-2.9907558711E-28	-2.5000000000E-01
12.73 	-2.8448949861E-28	-2.5000000000E-01
12.74 	-2.7061478204E-28	-2.5000000000E-01
12.75 	-2.5741674338E-28	-2.5000000000E-01
12.76 	-2.4486238066E-28	-2.5000000000E-01
12.77 	-2.3292030144E-28	-2.5000000000E-01
12.78 	-2.2156064429E-28	-2.5000000000E-01
12.79 	-2.1075500416E-28	-2.5000000000E-01
12.80 	-2.0047636132E-28	-2.5000000000E-01
12.81 	-1.9069901380E-28	-2.5000000000E-01
12.82 	-1.8139851315E-28	-2.5000000000E-01
12.83 	-1.7255160327E-28	-2.5000000000E-01
12.84 	-1.6413616228E-28	-2.5000000000E-01
12.85 	-1.5613114718E-28	-2.5000000000E-01
12.86 	-1.4851654128E-28	-2.5000000000E-01
12.87 	-1.4127330409E-28	-2.5000000000E-01
12.88 	-1.3438332375E-28	-2.5000000000E-01
12.89 	-1.2782937171E-28	-2.5000000000E-01
12.90 	-1.2159505969E-28	-2.5000000000E-01
12.91 	-1.1566479865E-28	-2.5000000000E-01
12.92 	-1.1002375985E-28	-2.5000000000E-01
12.93 	-1.0465783777E-28	-2.5000000000E-01
12.94 	-9.9553614788E-29	-2.5000000000E-01
12.95 	-9.4698327702E-29	-2.5000000000E-01
12.96 	-9.0079835761E-29	-2.5000000000E-01
12.97 	-8.5686590330E-29	-2.5000000000E-01
12.98 	-8.1507606007E-29	-2.5000000000E-01
12.99 	-7.7532433155E-29	-2.5000000000E-01
13.00 	-7.3751131770E-29	-2.5000000000E-01
13.01 	-7.0154246630E-29	-2.5000000000E-01
13.02 	-6.6732783648E-29	-2.5000000000E-01
13.03 	-6.3478187385E-29	-2.5000000000E-01
13.04 	-6.0382319654E-29	-2.5000000000E-01
13.05 	-5.7437439175E-29	-2.5000000000E-01
13.06 	-5.4636182211E-29	-2.5000000000E-01
13.07 	-5.1971544162E-29	-2.5000000000E-01
13.08 	-4.9436862043E-29	-2.5000000000E-01
13.09 	-4.7025797830E-29	-2.5000000000E-01
13.10 	-4.4732322607E-29	-2.5000000000E-01
13.11 	-4.2550701490E-29	-2.5000000000E-01
13.12 	-4.0475479290E-29	-2.5000000000E-01
13.13 	-3.8501466872E-29	-2.5000000000E-01
13.14 	-3.6623728175E-29	-2.5000000000E-01
13.15 	-3.4837567875E-29	-2.5000000000E-01
13.16 	-3.3138519641E-29	-2.5000000000E-01
13.17 	-3.1522334967E-29	-2.5000000000E-01
13.18 	-2.9984972549E-29	-2.5000000000E-01
13.19 	-2.8522588182E-29	-2.5000000000E-01
13.20 	-2.7131525141E-29	-2.5000000000E-01
13.21 	-2.5808305046E-29	-2.5000000000E-01
13.22 	-2.4549619156E-29	-2.5000000000E-01
13.23 	-2.3352320102E-29	-2.5000000000E-01
13.24 	-2.2213414011E-29	-2.5000000000E-01
13.25 	-2.1130053026E-29	-2.5000000000E-01
13.26 	-2.0099528180E-29	-2.5000000000E-01
13.27 	-1.9119262623E-29	-2.5000000000E-01
13.28 	-1.8186805182E-29	-2.5000000000E-01
13.29 	-1.7299824227E-29	-2.5000000000E-01
13.30 	-1.6456101843E-29	-2.5000000000E-01
13.31 	-1.5653528286E-29	-2.5000000000E-01
13.32 	-1.4890096703E-29	-2.5000000000E-01
13.33 	-1.4163898117E-29	-2.5000000000E-01
13.34 	-1.3473116655E-29	-2.5000000000E-01
13.35 	-1.2816025002E-29	-2.5000000000E-01
13.36 	-1.2190980087E-29	-2.5000000000E-01
13.37 	-1.1596418972E-29	-2.5000000000E-01
13.38 	-1.1030854945E-29	-2.5000000000E-01
13.39 	-1.0492873801E-29	-2.5000000000E-01
13.40 	-9.9811303071E-30	-2.5000000000E-01
13.41 	-9.4943448379E-30	-2.5000000000E-01
13.42 	-9.0313001762E-30	-2.5000000000E-01
13.43 	-8.5908384691E-30	-2.5000000000E-01
13.44 	-8.1718583329E-30	-2.5000000000E-01
13.45 	-7.7733120991E-30	-2.5000000000E-01
13.46 	-7.3942031945E-30	-2.5000000000E-01
13.47 	-7.0335836493E-30	-2.5000000000E-01
13.48 	-6.6905517269E-30	-2.5000000000E-01
13.49 	-6.3642496688E-30	-2.5000000000E-01
13.50 	-6.0538615498E-30	-2.5000000000E-01
13.51 	-5.7586112381E-30	-2.5000000000E-01
13.52 	-5.4777604539E-30	-2.5000000000E-01
13.53 	-5.2106069241E-30	-2.5000000000E-01
13.54 	-4.9564826257E-30	-2.5000000000E-01
13.55 	-4.7147521156E-30	-2.5000000000E-01
13.56 	-4.4848109416E-30	-2.5000000000E-01
13.57 	-4.2660841310E-30	-2.5000000000E-01
13.58 	-4.0580247528E-30	-2.5000000000E-01
13.59 	-3.8601125502E-30	-2.5000000000E-01
13.60 	-3.6718526396E-30	-2.5000000000E-01
13.61 	-3.4927742733E-30	-2.5000000000E-01
13.62 	-3.3224296619E-30	-2.5000000000E-01
13.63 	-3.1603928552E-30	-2.5000000000E-01
13.64 	-3.0062586768E-30	-2.5000000000E-01
13.65 	-2.8596417111E-30	-2.5000000000E-01
13.66 	-2.7201753391E-30	-2.5000000000E-01
13.67 	-2.5875108224E-30	-2.5000000000E-01
13.68 	-2.4613164304E-30	-2.5000000000E-01
13.69 	-2.3412766116E-30	-2.5000000000E-01
13.70 	-2.2270912039E-30	-2.5000000000E-01
13.71 	-2.1184746842E-30	-2.5000000000E-01
13.72 	-2.0151554547E-30	-2.5000000000E-01
13.73 	-1.9168751634E-30	-2.5000000000E-01
13.74 	-1.8233880585E-30	-2.5000000000E-01
13.75 	-1.7344603736E-30	-2.5000000000E-01
13.76 	-1.6498697430E-30	-2.5000000000E-01
13.77 	-1.5694046461E-30	-2.5000000000E-01
13.78 	-1.4928638783E-30	-2.5000000000E-01
13.79 	-1.4200560478E-30	-2.5000000000E-01
13.80 	-1.3507990971E-30	-2.5000000000E-01
13.81 	-1.2849198478E-30	-2.5000000000E-01
13.82 	-1.2222535673E-30	-2.5000000000E-01
13.83 	-1.1626435575E-30	-2.5000000000E-01
13.84 	-1.1059407621E-30	-2.5000000000E-01
13.85 	-1.0520033946E-30	-2.5000000000E-01
13.86 	-1.0006965836E-30	-2.5000000000E-01
13.87 	-9.5189203535E-31	-2.5000000000E-01
13.88 	-9.0546771298E-31	-2.5000000000E-01
13.89 	-8.6130753152E-31	-2.5000000000E-01
13.90 	-8.1930106752E-31	-2.5000000000E-01
13.91 	-7.7934328295E-31	-2.5000000000E-01
13.92 	-7.4133426253E-31	-2.5000000000E-01
13.93 	-7.0517896391E-31	-2.5000000000E-01
13.94 	-6.7078698001E-31	-2.5000000000E-01
13.95 	-6.3807231296E-31	-2.5000000000E-01
13.96 	-6.0695315905E-31	-2.5000000000E-01
13.97 	-5.7735170418E-31	-2.5000000000E-01
13.98 	-5.4919392930E-31	-2.5000000000E-01
13.99 	-5.2240942531E-31	-2.5000000000E-01
14.00 	-4.9693121699E-31	-2.5000000000E-01
14.01 	-4.7269559555E-31	-2.5000000000E-01
14.02 	-4.4964195932E-31	-2.5000000000E-01
14.03 	-4.2771266220E-31	-2.5000000000E-01
14.04 	-4.0685286951E-31	-2.5000000000E-01
14.05 	-3.8701042092E-31	-2.5000000000E-01
14.06 	-3.6813569997E-31	-2.5000000000E-01
14.07 	-3.5018151002E-31	-2.5000000000E-01
14.08 	-3.3310295625E-31	-2.5000000000E-01
14.09 	-3.1685733337E-31	-2.5000000000E-01
14.10 	-3.0140401887E-31	-2.5000000000E-01
14.11 	-2.8670437141E-31	-2.5000000000E-01
14.12 	-2.7272163422E-31	-2.5000000000E-01
14.13 	-2.5942084317E-31	-2.5000000000E-01
14.14 	-2.4676873935E-31	-2.5000000000E-01
14.15 	-2.3473368592E-31	-2.5000000000E-01
14.16 	-2.2328558897E-31	-2.5000000000E-01
14.17 	-2.1239582229E-31	-2.5000000000E-01
14.18 	-2.0203715581E-31	-2.5000000000E-01
14.19 	-1.9218368744E-31	-2.5000000000E-01
14.20 	-1.8281077841E-31	-2.5000000000E-01
14.21 	-1.7389499154E-31	-2.5000000000E-01
14.22 	-1.6541403272E-31	-2.5000000000E-01
14.23 	-1.5734669515E-31	-2.5000000000E-01
14.24 	-1.4967280628E-31	-2.5000000000E-01
14.25 	-1.4237317738E-31	-2.5000000000E-01
14.26 	-1.3542955558E-31	-2.5000000000E-01
14.27 	-1.2882457822E-31	-2.5000000000E-01
14.28 	-1.2254172940E-31	-2.5000000000E-01
14.29 	-1.1656529873E-31	-2.5000000000E-01
14.30 	-1.1088034203E-31	-2.5000000000E-01
14.31 	-1.0547264394E-31	-2.5000000000E-01
14.32 	-1.0032868239E-31	-2.5000000000E-01
14.33 	-9.5435594813E-32	-2.5000000000E-01
14.34 	-9.0781145931E-32	-2.5000000000E-01
14.35 	-8.6353697200E-32	-2.5000000000E-01
14.36 	-8.2142177691E-32	-2.5000000000E-01
14.37 	-7.8136056412E-32	-2.5000000000E-01
14.38 	-7.4325315974E-32	-2.5000000000E-01
14.39 	-7.0700427539E-32	-2.5000000000E-01
14.40 	-6.7252327000E-32	-2.5000000000E-01
14.41 	-6.3972392309E-32	-2.5000000000E-01
14.42 	-6.0852421920E-32	-2.5000000000E-01
14.43 	-5.7884614282E-32	-2.5000000000E-01
14.44 	-5.5061548331E-32	-2.5000000000E-01
14.45 	-5.2376164931E-32	-2.5000000000E-01
14.46 	-4.9821749225E-32	-2.5000000000E-01
14.47 	-4.7391913843E-32	-2.5000000000E-01
14.48 	-4.5080582931E-32	-2.5000000000E-01
14.49 	-4.2881976957E-32	-2.5000000000E-01
14.50 	-4.0790598263E-32	-2.5000000000E-01
14.51 	-3.8801217310E-32	-2.5000000000E-01
14.52 	-3.6908859612E-32	-2.5000000000E-01
14.53 	-3.5108793288E-32	-2.5000000000E-01
14.54 	-3.3396517234E-32	-2.5000000000E-01
14.55 	-3.1767749869E-32	-2.5000000000E-01
14.56 	-3.0218418426E-32	-2.5000000000E-01
14.57 	-2.8744648768E-32	-2.5000000000E-01
14.58 	-2.7342755705E-32	-2.5000000000E-01
14.59 	-2.6009233774E-32	-2.5000000000E-01
14.60 	-2.4740748474E-32	-2.5000000000E-01
14.61 	-2.3534127933E-32	-2.5000000000E-01
14.62 	-2.2386354970E-32	-2.5000000000E-01
14.63 	-2.1294559555E-32	-2.5000000000E-01
14.64 	-2.0256011630E-32	-2.5000000000E-01
14.65 	-1.9268114286E-32	-2.5000000000E-01
14.66 	-1.8328397263E-32	-2.5000000000E-01
14.67 	-1.7434510781E-32	-2.5000000000E-01
14.68 	-1.6584219656E-32	-2.5000000000E-01
14.69 	-1.5775397719E-32	-2.5000000000E-01
14.70 	-1.5006022494E-32	-2.5000000000E-01
14.71 	-1.4274170141E-32	-2.5000000000E-01
14.72 	-1.3578010648E-32	-2.5000000000E-01
14.73 	-1.2915803255E-32	-2.5000000000E-01
14.74 	-1.2285892097E-32	-2.5000000000E-01
14.75 	-1.1686702069E-32	-2.5000000000E-01
14.76 	-1.1116734883E-32	-2.5000000000E-01
14.77 	-1.0574565326E-32	-2.5000000000E-01
14.78 	-1.0058837689E-32	-2.5000000000E-01
14.79 	-9.5682623860E-33	-2.5000000000E-01
14.80 	-9.1016127229E-33	-2.5000000000E-01
14.81 	-8.6577218324E-33	-2.5000000000E-01
14.82 	-8.2354797562E-33	-2.5000000000E-01
14.83 	-7.8338306689E-33	-2.5000000000E-01
14.84 	-7.4517702388E-33	-2.5000000000E-01
14.85 	-7.0883431158E-33	-2.5000000000E-01
14.86 	-6.7426405427E-33	-2.5000000000E-01
14.87 	-6.4137980831E-33	-2.5000000000E-01
14.88 	-6.1009934594E-33	-2.5000000000E-01
14.89 	-5.8034444973E-33	-2.5000000000E-01
14.90 	-5.5204071693E-33	-2.5000000000E-01
14.91 	-5.2511737346E-33	-2.5000000000E-01
14.92 	-4.9950709696E-33	-2.5000000000E-01
14.93 	-4.7514584837E-33	-2.5000000000E-01
14.94 	-4.5197271190E-33	-2.5000000000E-01
14.95 	-4.2992974263E-33	-2.5000000000E-01
14.96 	-4.0896182166E-33	-2.5000000000E-01
14.97 	-3.8901651826E-33	-2.5000000000E-01
14.98 	-3.7004395878E-33	-2.5000000000E-01
14.99 	-3.5199670195E-33	-2.5000000000E-01
15.00 	-3.3482962023E-33	-2.5000000000E-01
