   0.00000    0.0000000000E+00    0.0000000000E+00    0.0000000000E+00    0.0000000000E+00
   0.01500   -1.7984934668E-02   -3.6007944816E-02   -1.7984934668E-02   -3.6007944816E-02
   0.03000   -3.4743693005E-02   -5.5665501506E-02   -3.4743693005E-02   -5.5665501506E-02
   0.04500   -5.0291487388E-02   -6.9387414704E-02   -5.0291487388E-02   -6.9387414704E-02
   0.06000   -6.4715860058E-02   -7.9441781831E-02   -6.4715860058E-02   -7.9441781831E-02
   0.07500   -7.8098022085E-02   -8.6925712698E-02   -7.8098022085E-02   -8.6925712698E-02
   0.09000   -9.0513294272E-02   -9.2494203772E-02   -9.0513294272E-02   -9.2494203772E-02
   0.10500   -1.0203152952E-01   -9.6583571462E-02   -1.0203152952E-01   -9.6583571462E-02
   0.12000   -1.1271751634E-01   -9.9504655489E-02   -1.1271751634E-01   -9.9504655489E-02
   0.13500   -1.2263135978E-01   -1.0148908315E-01   -1.2263135978E-01   -1.0148908315E-01
   0.15000   -1.3182883384E-01   -1.0271503347E-01   -1.3182883384E-01   -1.0271503347E-01
   0.16500   -1.4036170089E-01   -1.0332281876E-01   -1.4036170089E-01   -1.0332281876E-01
   0.18000   -1.4827799837E-01   -1.0342490964E-01   -1.4827799837E-01   -1.0342490964E-01
   0.19500   -1.5562229774E-01   -1.0311270032E-01   -1.5562229774E-01   -1.0311270032E-01
   0.21000   -1.6243594364E-01   -1.0246124990E-01   -1.6243594364E-01   -1.0246124990E-01
   0.22500   -1.6875728056E-01   -1.0153271058E-01   -1.6875728056E-01   -1.0153271058E-01
   0.24000   -1.7462187056E-01   -1.0037887484E-01   -1.7462187056E-01   -1.0037887484E-01
   0.25500   -1.8006270145E-01   -9.9043114866E-02   -1.8006270145E-01   -9.9043114866E-02
   0.27000   -1.8511038158E-01   -9.7561891350E-02   -1.8511038158E-01   -9.7561891350E-02
   0.28500   -1.8979331736E-01   -9.5965947386E-02   -1.8979331736E-01   -9.5965947386E-02
   0.30000   -1.9413787205E-01   -9.4281264208E-02   -1.9413787205E-01   -9.4281264208E-02
   0.31500   -1.9816850796E-01   -9.2529831500E-02   -1.9816850796E-01   -9.2529831500E-02
   0.33000   -2.0190791666E-01   -9.0730271350E-02   -2.0190791666E-01   -9.0730271350E-02
   0.34500   -2.0537714226E-01   -8.8898347258E-02   -2.0537714226E-01   -8.8898347258E-02
   0.36000   -2.0859570049E-01   -8.7047384463E-02   -2.0859570049E-01   -8.7047384463E-02
   0.37500   -2.1158169367E-01   -8.5188622718E-02   -2.1158169367E-01   -8.5188622718E-02
   0.39000   -2.1435191875E-01   -8.3331516918E-02   -2.1435191875E-01   -8.3331516918E-02
   0.40500   -2.1692196564E-01   -8.1483995226E-02   -2.1692196564E-01   -8.1483995226E-02
   0.42000   -2.1930630437E-01   -7.9652680001E-02   -2.1930630437E-01   -7.9652680001E-02
   0.43500   -2.2151836218E-01   -7.7843074731E-02   -2.2151836218E-01   -7.7843074731E-02
   0.45000   -2.2357059373E-01   -7.6059720411E-02   -2.2357059373E-01   -7.6059720411E-02
   0.46500   -2.2547454796E-01   -7.4306326219E-02   -2.2547454796E-01   -7.4306326219E-02
   0.48000   -2.2724093366E-01   -7.2585880472E-02   -2.2724093366E-01   -7.2585880472E-02
   0.49500   -2.2887968351E-01   -7.0900747606E-02   -2.2887968351E-01   -7.0900747606E-02
   0.51000   -2.3040001468E-01   -6.9252755134E-02   -2.3040001468E-01   -6.9252755134E-02
   0.52500   -2.3181048347E-01   -6.7643272008E-02   -2.3181048347E-01   -6.7643272008E-02
   0.54000   -2.3311903292E-01   -6.6073277824E-02   -2.3311903292E-01   -6.6073277824E-02
   0.55500   -2.3433303405E-01   -6.4543421689E-02   -2.3433303405E-01   -6.4543421689E-02
   0.57000   -2.3545932326E-01   -6.3054070559E-02   -2.3545932326E-01   -6.3054070559E-02
   0.58500   -2.3650423828E-01   -6.1605348533E-02   -2.3650423828E-01   -6.1605348533E-02
   0.60000   -2.3747365455E-01   -6.0197169974E-02   -2.3747365455E-01   -6.0197169974E-02
   0.61500   -2.3837302130E-01   -5.8829269468E-02   -2.3837302130E-01   -5.8829269468E-02
   0.63000   -2.3920739603E-01   -5.7501230461E-02   -2.3920739603E-01   -5.7501230461E-02
   0.64500   -2.3998147500E-01   -5.6212512615E-02   -2.3998147500E-01   -5.6212512615E-02
   0.66000   -2.4069961910E-01   -5.4962476511E-02   -2.4069961910E-01   -5.4962476511E-02
   0.67500   -2.4136587545E-01   -5.3750404045E-02   -2.4136587545E-01   -5.3750404045E-02
   0.69000   -2.4198399684E-01   -5.2575513787E-02   -2.4198399684E-01   -5.2575513787E-02
   0.70500   -2.4255746099E-01   -5.1436972109E-02   -2.4255746099E-01   -5.1436972109E-02
   0.72000   -2.4308949080E-01   -5.0333902041E-02   -2.4308949080E-01   -5.0333902041E-02
   0.73500   -2.4358307518E-01   -4.9265391960E-02   -2.4358307518E-01   -4.9265391960E-02
   0.75000   -2.4404098891E-01   -4.8230505248E-02   -2.4404098891E-01   -4.8230505248E-02
   0.76500   -2.4446580992E-01   -4.7228290605E-02   -2.4446580992E-01   -4.7228290605E-02
   0.78000   -2.4485993305E-01   -4.6257791577E-02   -2.4485993305E-01   -4.6257791577E-02
   0.79500   -2.4522558101E-01   -4.5318053730E-02   -2.4522558101E-01   -4.5318053730E-02
   0.81000   -2.4556481409E-01   -4.4408128749E-02   -2.4556481409E-01   -4.4408128749E-02
   0.82500   -2.4587954035E-01   -4.3527076099E-02   -2.4587954035E-01   -4.3527076099E-02
   0.84000   -2.4617152705E-01   -4.2673963792E-02   -2.4617152705E-01   -4.2673963792E-02
   0.85500   -2.4644241302E-01   -4.1847869957E-02   -2.4644241302E-01   -4.1847869957E-02
   0.87000   -2.4669372049E-01   -4.1047885960E-02   -2.4669372049E-01   -4.1047885960E-02
   0.88500   -2.4692686482E-01   -4.0273120670E-02   -2.4692686482E-01   -4.0273120670E-02
   0.90000   -2.4714316180E-01   -3.9522704476E-02   -2.4714316180E-01   -3.9522704476E-02
   0.91500   -2.4734383266E-01   -3.8795791692E-02   -2.4734383266E-01   -3.8795791692E-02
   0.93000   -2.4753000869E-01   -3.8091560721E-02   -2.4753000869E-01   -3.8091560721E-02
   0.94500   -2.4770273642E-01   -3.7409212584E-02   -2.4770273642E-01   -3.7409212584E-02
   0.96000   -2.4786298435E-01   -3.6747969139E-02   -2.4786298435E-01   -3.6747969139E-02
   0.97500   -2.4801165059E-01   -3.6107072390E-02   -2.4801165059E-01   -3.6107072390E-02
   0.99000   -2.4814957005E-01   -3.5485785450E-02   -2.4814957005E-01   -3.5485785450E-02
   1.00500   -2.4827752015E-01   -3.4883394647E-02   -2.4827752015E-01   -3.4883394647E-02
   1.02000   -2.4839622435E-01   -3.4299211534E-02   -2.4839622435E-01   -3.4299211534E-02
   1.03500   -2.4850635412E-01   -3.3732573558E-02   -2.4850635412E-01   -3.3732573558E-02
   1.05000   -2.4860853072E-01   -3.3182842947E-02   -2.4860853072E-01   -3.3182842947E-02
   1.06500   -2.4870332786E-01   -3.2649404359E-02   -2.4870332786E-01   -3.2649404359E-02
   1.08000   -2.4879127575E-01   -3.2131662519E-02   -2.4879127575E-01   -3.2131662519E-02
   1.09500   -2.4887286614E-01   -3.1629041011E-02   -2.4887286614E-01   -3.1629041011E-02
   1.11000   -2.4894855688E-01   -3.1140982643E-02   -2.4894855688E-01   -3.1140982643E-02
   1.12500   -2.4901877531E-01   -3.0666950840E-02   -2.4901877531E-01   -3.0666950840E-02
   1.14000   -2.4908391971E-01   -3.0206430922E-02   -2.4908391971E-01   -3.0206430922E-02
   1.15500   -2.4914435969E-01   -2.9758930182E-02   -2.4914435969E-01   -2.9758930182E-02
   1.17000   -2.4920043648E-01   -2.9323976436E-02   -2.4920043648E-01   -2.9323976436E-02
   1.18500   -2.4925246427E-01   -2.8901115604E-02   -2.4925246427E-01   -2.8901115604E-02
   1.20000   -2.4930073282E-01   -2.8489909430E-02   -2.4930073282E-01   -2.8489909430E-02
   1.21500   -2.4934551099E-01   -2.8089934354E-02   -2.4934551099E-01   -2.8089934354E-02
   1.23000   -2.4938704985E-01   -2.7700781827E-02   -2.4938704985E-01   -2.7700781827E-02
   1.24500   -2.4942558459E-01   -2.7322059502E-02   -2.4942558459E-01   -2.7322059502E-02
   1.26000   -2.4946133499E-01   -2.6953392247E-02   -2.4946133499E-01   -2.6953392247E-02
   1.27500   -2.4949450482E-01   -2.6594422040E-02   -2.4949450482E-01   -2.6594422040E-02
   1.29000   -2.4952528154E-01   -2.6244806510E-02   -2.4952528154E-01   -2.6244806510E-02
   1.30500   -2.4955383688E-01   -2.5904216700E-02   -2.4955383688E-01   -2.5904216700E-02
   1.32000   -2.4958032873E-01   -2.5572335068E-02   -2.4958032873E-01   -2.5572335068E-02
   1.33500   -2.4960490375E-01   -2.5248854612E-02   -2.4960490375E-01   -2.5248854612E-02
   1.35000   -2.4962769962E-01   -2.4933479294E-02   -2.4962769962E-01   -2.4933479294E-02
   1.36500   -2.4964884612E-01   -2.4625925196E-02   -2.4964884612E-01   -2.4625925196E-02
   1.38000   -2.4966846494E-01   -2.4325921426E-02   -2.4966846494E-01   -2.4325921426E-02
   1.39500   -2.4968666877E-01   -2.4033209959E-02   -2.4968666877E-01   -2.4033209959E-02
   1.41000   -2.4970356054E-01   -2.3747544262E-02   -2.4970356054E-01   -2.3747544262E-02
   1.42500   -2.4971923380E-01   -2.3468687294E-02   -2.4971923380E-01   -2.3468687294E-02
   1.44000   -2.4973377415E-01   -2.3196409819E-02   -2.4973377415E-01   -2.3196409819E-02
   1.45500   -2.4974726130E-01   -2.2930489790E-02   -2.4974726130E-01   -2.2930489790E-02
   1.47000   -2.4975977078E-01   -2.2670712915E-02   -2.4975977078E-01   -2.2670712915E-02
   1.48500   -2.4977137452E-01   -2.2416873815E-02   -2.4977137452E-01   -2.2416873815E-02
   1.50000   -2.4978214034E-01   -2.2168776862E-02   -2.4978214034E-01   -2.2168776862E-02
   1.51500   -2.4979213079E-01   -2.1926235994E-02   -2.4979213079E-01   -2.1926235994E-02
   1.53000   -2.4980140236E-01   -2.1689073445E-02   -2.4980140236E-01   -2.1689073445E-02
   1.54500   -2.4981000567E-01   -2.1457117958E-02   -2.4981000567E-01   -2.1457117958E-02
   1.56000   -2.4981798672E-01   -2.1230203387E-02   -2.4981798672E-01   -2.1230203387E-02
   1.57500   -2.4982538858E-01   -2.1008168310E-02   -2.4982538858E-01   -2.1008168310E-02
   1.59000   -2.4983225275E-01   -2.0790856717E-02   -2.4983225275E-01   -2.0790856717E-02
   1.60500   -2.4983861943E-01   -2.0578119156E-02   -2.4983861943E-01   -2.0578119156E-02
   1.62000   -2.4984452679E-01   -2.0369813514E-02   -2.4984452679E-01   -2.0369813514E-02
   1.63500   -2.4985000977E-01   -2.0165804807E-02   -2.4985000977E-01   -2.0165804807E-02
   1.65000   -2.4985509929E-01   -1.9965963991E-02   -2.4985509929E-01   -1.9965963991E-02
   1.66500   -2.4985982243E-01   -1.9770166372E-02   -2.4985982243E-01   -1.9770166372E-02
   1.68000   -2.4986420348E-01   -1.9578290440E-02   -2.4986420348E-01   -1.9578290440E-02
   1.69500   -2.4986826555E-01   -1.9390217686E-02   -2.4986826555E-01   -1.9390217686E-02
   1.71000   -2.4987203150E-01   -1.9205833369E-02   -2.4987203150E-01   -1.9205833369E-02
   1.72500   -2.4987552413E-01   -1.9025027647E-02   -2.4987552413E-01   -1.9025027647E-02
   1.74000   -2.4987876527E-01   -1.8847696282E-02   -2.4987876527E-01   -1.8847696282E-02
   1.75500   -2.4988177461E-01   -1.8673740403E-02   -2.4988177461E-01   -1.8673740403E-02
   1.77000   -2.4988456898E-01   -1.8503065378E-02   -2.4988456898E-01   -1.8503065378E-02
   1.78500   -2.4988716251E-01   -1.8335579391E-02   -2.4988716251E-01   -1.8335579391E-02
   1.80000   -2.4988956771E-01   -1.8171192476E-02   -2.4988956771E-01   -1.8171192476E-02
   1.81500   -2.4989179675E-01   -1.8009816492E-02   -2.4989179675E-01   -1.8009816492E-02
   1.83000   -2.4989386237E-01   -1.7851365950E-02   -2.4989386237E-01   -1.7851365950E-02
   1.84500   -2.4989577780E-01   -1.7695759108E-02   -2.4989577780E-01   -1.7695759108E-02
   1.86000   -2.4989755582E-01   -1.7542918592E-02   -2.4989755582E-01   -1.7542918592E-02
   1.87500   -2.4989920769E-01   -1.7392771128E-02   -2.4989920769E-01   -1.7392771128E-02
   1.89000   -2.4990074245E-01   -1.7245246459E-02   -2.4990074245E-01   -1.7245246459E-02
   1.90500   -2.4990216713E-01   -1.7100276064E-02   -2.4990216713E-01   -1.7100276064E-02
   1.92000   -2.4990348781E-01   -1.6957792364E-02   -2.4990348781E-01   -1.6957792364E-02
   1.93500   -2.4990471078E-01   -1.6817728824E-02   -2.4990471078E-01   -1.6817728824E-02
   1.95000   -2.4990584325E-01   -1.6680020813E-02   -2.4990584325E-01   -1.6680020813E-02
   1.96500   -2.4990689319E-01   -1.6544606652E-02   -2.4990689319E-01   -1.6544606652E-02
   1.98000   -2.4990786837E-01   -1.6411428155E-02   -2.4990786837E-01   -1.6411428155E-02
   1.99500   -2.4990877534E-01   -1.6280430313E-02   -2.4990877534E-01   -1.6280430313E-02
   2.01000   -2.4990961879E-01   -1.6151560255E-02   -2.4990961879E-01   -1.6151560255E-02
   2.02500   -2.4991040189E-01   -1.6024766090E-02   -2.4991040189E-01   -1.6024766090E-02
   2.04000   -2.4991112725E-01   -1.5899996253E-02   -2.4991112725E-01   -1.5899996253E-02
   2.05500   -2.4991179799E-01   -1.5777199717E-02   -2.4991179799E-01   -1.5777199717E-02
   2.07000   -2.4991241835E-01   -1.5656326871E-02   -2.4991241835E-01   -1.5656326871E-02
   2.08500   -2.4991299340E-01   -1.5537330505E-02   -2.4991299340E-01   -1.5537330505E-02
   2.10000   -2.4991352810E-01   -1.5420166273E-02   -2.4991352810E-01   -1.5420166273E-02
   2.11500   -2.4991402633E-01   -1.5304792325E-02   -2.4991402633E-01   -1.5304792325E-02
   2.13000   -2.4991449036E-01   -1.5191168315E-02   -2.4991449036E-01   -1.5191168315E-02
   2.14500   -2.4991492126E-01   -1.5079254337E-02   -2.4991492126E-01   -1.5079254337E-02
   2.16000   -2.4991531978E-01   -1.4969010410E-02   -2.4991531978E-01   -1.4969010410E-02
   2.17500   -2.4991568739E-01   -1.4860396766E-02   -2.4991568739E-01   -1.4860396766E-02
   2.19000   -2.4991602672E-01   -1.4753374740E-02   -2.4991602672E-01   -1.4753374740E-02
   2.20500   -2.4991634124E-01   -1.4647907685E-02   -2.4991634124E-01   -1.4647907685E-02
   2.22000   -2.4991663431E-01   -1.4543961358E-02   -2.4991663431E-01   -1.4543961358E-02
   2.23500   -2.4991690828E-01   -1.4441503504E-02   -2.4991690828E-01   -1.4441503504E-02
   2.25000   -2.4991716406E-01   -1.4340502896E-02   -2.4991716406E-01   -1.4340502896E-02
   2.26500   -2.4991740157E-01   -1.4240928375E-02   -2.4991740157E-01   -1.4240928375E-02
   2.28000   -2.4991762060E-01   -1.4142748439E-02   -2.4991762060E-01   -1.4142748439E-02
   2.29500   -2.4991782179E-01   -1.4045931605E-02   -2.4991782179E-01   -1.4045931605E-02
   2.31000   -2.4991800691E-01   -1.3950447293E-02   -2.4991800691E-01   -1.3950447293E-02
   2.32500   -2.4991817855E-01   -1.3856266677E-02   -2.4991817855E-01   -1.3856266677E-02
   2.34000   -2.4991833912E-01   -1.3763362984E-02   -2.4991833912E-01   -1.3763362984E-02
   2.35500   -2.4991849006E-01   -1.3671711044E-02   -2.4991849006E-01   -1.3671711044E-02
   2.37000   -2.4991863153E-01   -1.3581286357E-02   -2.4991863153E-01   -1.3581286357E-02
   2.38500   -2.4991876281E-01   -1.3492064221E-02   -2.4991876281E-01   -1.3492064221E-02
   2.40000   -2.4991888324E-01   -1.3404019429E-02   -2.4991888324E-01   -1.3404019429E-02
   2.41500   -2.4991899304E-01   -1.3317126682E-02   -2.4991899304E-01   -1.3317126682E-02
   2.43000   -2.4991909356E-01   -1.3231361460E-02   -2.4991909356E-01   -1.3231361460E-02
   2.44500   -2.4991918687E-01   -1.3146700810E-02   -2.4991918687E-01   -1.3146700810E-02
   2.46000   -2.4991927482E-01   -1.3063123561E-02   -2.4991927482E-01   -1.3063123561E-02
   2.47500   -2.4991935830E-01   -1.2980609841E-02   -2.4991935830E-01   -1.2980609841E-02
   2.49000   -2.4991943699E-01   -1.2899140174E-02   -2.4991943699E-01   -1.2899140174E-02
   2.50500   -2.4991950988E-01   -1.2818694694E-02   -2.4991950988E-01   -1.2818694694E-02
   2.52000   -2.4991957610E-01   -1.2739252927E-02   -2.4991957610E-01   -1.2739252927E-02
   2.53500   -2.4991963570E-01   -1.2660794258E-02   -2.4991963570E-01   -1.2660794258E-02
   2.55000   -2.4991968984E-01   -1.2583298781E-02   -2.4991968984E-01   -1.2583298781E-02
   2.56500   -2.4991974025E-01   -1.2506748017E-02   -2.4991974025E-01   -1.2506748017E-02
   2.58000   -2.4991978843E-01   -1.2431125053E-02   -2.4991978843E-01   -1.2431125053E-02
   2.59500   -2.4991983492E-01   -1.2356414031E-02   -2.4991983492E-01   -1.2356414031E-02
   2.61000   -2.4991987913E-01   -1.2282599275E-02   -2.4991987913E-01   -1.2282599275E-02
   2.62500   -2.4991991988E-01   -1.2209664584E-02   -2.4991991988E-01   -1.2209664584E-02
   2.64000   -2.4991995626E-01   -1.2137593099E-02   -2.4991995626E-01   -1.2137593099E-02
   2.65500   -2.4991998829E-01   -1.2066367805E-02   -2.4991998829E-01   -1.2066367805E-02
   2.67000   -2.4992001700E-01   -1.1995972358E-02   -2.4992001700E-01   -1.1995972358E-02
   2.68500   -2.4992004395E-01   -1.1926391737E-02   -2.4992004395E-01   -1.1926391737E-02
   2.70000   -2.4992007040E-01   -1.1857612310E-02   -2.4992007040E-01   -1.1857612310E-02
   2.71500   -2.4992009661E-01   -1.1789621297E-02   -2.4992009661E-01   -1.1789621297E-02
   2.73000   -2.4992012185E-01   -1.1722405931E-02   -2.4992012185E-01   -1.1722405931E-02
   2.74500   -2.4992014489E-01   -1.1655952826E-02   -2.4992014489E-01   -1.1655952826E-02
   2.76000   -2.4992016481E-01   -1.1590247919E-02   -2.4992016481E-01   -1.1590247919E-02
   2.77500   -2.4992018167E-01   -1.1525277002E-02   -2.4992018167E-01   -1.1525277002E-02
   2.79000   -2.4992019647E-01   -1.1461026525E-02   -2.4992019647E-01   -1.1461026525E-02
   2.80500   -2.4992021064E-01   -1.1397484173E-02   -2.4992021064E-01   -1.1397484173E-02
   2.82000   -2.4992022523E-01   -1.1334638876E-02   -2.4992022523E-01   -1.1334638876E-02
   2.83500   -2.4992024035E-01   -1.1272480240E-02   -2.4992024035E-01   -1.1272480240E-02
   2.85000   -2.4992025513E-01   -1.1210997752E-02   -2.4992025513E-01   -1.1210997752E-02
   2.86500   -2.4992026836E-01   -1.1150180213E-02   -2.4992026836E-01   -1.1150180213E-02
   2.88000   -2.4992027918E-01   -1.1090015751E-02   -2.4992027918E-01   -1.1090015751E-02
   2.89500   -2.4992028769E-01   -1.1030492379E-02   -2.4992028769E-01   -1.1030492379E-02
   2.91000   -2.4992029490E-01   -1.0971598766E-02   -2.4992029490E-01   -1.0971598766E-02
   2.92500   -2.4992030214E-01   -1.0913324747E-02   -2.4992030214E-01   -1.0913324747E-02
   2.94000   -2.4992031030E-01   -1.0855661271E-02   -2.4992031030E-01   -1.0855661271E-02
   2.95500   -2.4992031934E-01   -1.0798599818E-02   -2.4992031934E-01   -1.0798599818E-02
   2.97000   -2.4992032834E-01   -1.0742131633E-02   -2.4992032834E-01   -1.0742131633E-02
   2.98500   -2.4992033610E-01   -1.0686247239E-02   -2.4992033610E-01   -1.0686247239E-02
   3.00000   -2.4992034185E-01   -1.0630936504E-02   -2.4992034185E-01   -1.0630936504E-02
   3.01500   -2.4992034578E-01   -1.0576189222E-02   -2.4992034578E-01   -1.0576189222E-02
   3.03000   -2.4992034887E-01   -1.0521995847E-02   -2.4992034887E-01   -1.0521995847E-02
   3.04500   -2.4992035238E-01   -1.0468347942E-02   -2.4992035238E-01   -1.0468347942E-02
   3.06000   -2.4992035707E-01   -1.0415238064E-02   -2.4992035707E-01   -1.0415238064E-02
   3.07500   -2.4992036279E-01   -1.0362659175E-02   -2.4992036279E-01   -1.0362659175E-02
   3.09000   -2.4992036857E-01   -1.0310603911E-02   -2.4992036857E-01   -1.0310603911E-02
   3.10500   -2.4992037325E-01   -1.0259064162E-02   -2.4992037325E-01   -1.0259064162E-02
   3.12000   -2.4992037616E-01   -1.0208031195E-02   -2.4992037616E-01   -1.0208031195E-02
   3.13500   -2.4992037756E-01   -1.0157496249E-02   -2.4992037756E-01   -1.0157496249E-02
   3.15000   -2.4992037844E-01   -1.0107451234E-02   -2.4992037844E-01   -1.0107451234E-02
   3.16500   -2.4992037998E-01   -1.0057889112E-02   -2.4992037998E-01   -1.0057889112E-02
   3.18000   -2.4992038283E-01   -1.0008803739E-02   -2.4992038283E-01   -1.0008803739E-02
   3.19500   -2.4992038673E-01   -9.9601892563E-03   -2.4992038673E-01   -9.9601892563E-03
   3.21000   -2.4992039069E-01   -9.9120394089E-03   -2.4992039069E-01   -9.9120394089E-03
   3.22500   -2.4992039360E-01   -9.8643471820E-03   -2.4992039360E-01   -9.8643471820E-03
   3.24000   -2.4992039490E-01   -9.8171049814E-03   -2.4992039490E-01   -9.8171049814E-03
   3.25500   -2.4992039491E-01   -9.7703052341E-03   -2.4992039491E-01   -9.7703052341E-03
   3.27000   -2.4992039463E-01   -9.7239410485E-03   -2.4992039463E-01   -9.7239410485E-03
   3.28500   -2.4992039516E-01   -9.6780065358E-03   -2.4992039516E-01   -9.6780065358E-03
   3.30000   -2.4992039705E-01   -9.6324966024E-03   -2.4992039705E-01   -9.6324966024E-03
   3.31500   -2.4992039995E-01   -9.5874063401E-03   -2.4992039995E-01   -9.5874063401E-03
   3.33000   -2.4992040287E-01   -9.5427303808E-03   -2.4992040287E-01   -9.5427303808E-03
   3.34500   -2.4992040474E-01   -9.4984625989E-03   -2.4992040474E-01   -9.4984625989E-03
   3.36000   -2.4992040510E-01   -9.4545963362E-03   -2.4992040510E-01   -9.4545963362E-03
   3.37500   -2.4992040434E-01   -9.4111250069E-03   -2.4992040434E-01   -9.4111250069E-03
   3.39000   -2.4992040348E-01   -9.3680427175E-03   -2.4992040348E-01   -9.3680427175E-03
   3.40500   -2.4992040354E-01   -9.3253445289E-03   -2.4992040354E-01   -9.3253445289E-03
   3.42000   -2.4992040495E-01   -9.2830262060E-03   -2.4992040495E-01   -9.2830262060E-03
   3.43500   -2.4992040730E-01   -9.2410836075E-03   -2.4992040730E-01   -9.2410836075E-03
   3.45000   -2.4992040958E-01   -9.1995120822E-03   -2.4992040958E-01   -9.1995120822E-03
   3.46500   -2.4992041081E-01   -9.1583062316E-03   -2.4992041081E-01   -9.1583062316E-03
   3.48000   -2.4992041061E-01   -9.1174601755E-03   -2.4992041061E-01   -9.1174601755E-03
   3.49500   -2.4992040944E-01   -9.0769681574E-03   -2.4992040944E-01   -9.0769681574E-03
   3.51000   -2.4992040831E-01   -9.0368251226E-03   -2.4992040831E-01   -9.0368251226E-03
   3.52500   -2.4992040817E-01   -8.9970269231E-03   -2.4992040817E-01   -8.9970269231E-03
   3.54000   -2.4992040936E-01   -8.9575700290E-03   -2.4992040936E-01   -8.9575700290E-03
   3.55500   -2.4992041140E-01   -8.9184509212E-03   -2.4992041140E-01   -8.9184509212E-03
   3.57000   -2.4992041328E-01   -8.8796655313E-03   -2.4992041328E-01   -8.8796655313E-03
   3.58500   -2.4992041409E-01   -8.8412090600E-03   -2.4992041409E-01   -8.8412090600E-03
   3.60000   -2.4992041355E-01   -8.8030762812E-03   -2.4992041355E-01   -8.8030762812E-03
   3.61500   -2.4992041217E-01   -8.7652621418E-03   -2.4992041217E-01   -8.7652621418E-03
   3.63000   -2.4992041095E-01   -8.7277622979E-03   -2.4992041095E-01   -8.7277622979E-03
   3.64500   -2.4992041077E-01   -8.6905732651E-03   -2.4992041077E-01   -8.6905732651E-03
   3.66000   -2.4992041187E-01   -8.6536920951E-03   -2.4992041187E-01   -8.6536920951E-03
   3.67500   -2.4992041372E-01   -8.6171157760E-03   -2.4992041372E-01   -8.6171157760E-03
   3.69000   -2.4992041533E-01   -8.5808407148E-03   -2.4992041533E-01   -8.5808407148E-03
   3.70500   -2.4992041585E-01   -8.5448626114E-03   -2.4992041585E-01   -8.5448626114E-03
   3.72000   -2.4992041508E-01   -8.5091767940E-03   -2.4992041508E-01   -8.5091767940E-03
   3.73500   -2.4992041360E-01   -8.4737788123E-03   -2.4992041360E-01   -8.4737788123E-03
   3.75000   -2.4992041238E-01   -8.4386649297E-03   -2.4992041238E-01   -8.4386649297E-03
   3.76500   -2.4992041224E-01   -8.4038322210E-03   -2.4992041224E-01   -8.4038322210E-03
   3.78000   -2.4992041333E-01   -8.3692782197E-03   -2.4992041333E-01   -8.3692782197E-03
   3.79500   -2.4992041506E-01   -8.3350003277E-03   -2.4992041506E-01   -8.3350003277E-03
   3.81000   -2.4992041646E-01   -8.3009953424E-03   -2.4992041646E-01   -8.3009953424E-03
   3.82500   -2.4992041676E-01   -8.2672593823E-03   -2.4992041676E-01   -8.2672593823E-03
   3.84000   -2.4992041584E-01   -8.2337882510E-03   -2.4992041584E-01   -8.2337882510E-03
   3.85500   -2.4992041432E-01   -8.2005780187E-03   -2.4992041432E-01   -8.2005780187E-03
   3.87000   -2.4992041316E-01   -8.1676254711E-03   -2.4992041316E-01   -8.1676254711E-03
   3.88500   -2.4992041310E-01   -8.1349281570E-03   -2.4992041310E-01   -8.1349281570E-03
   3.90000   -2.4992041421E-01   -8.1024840093E-03   -2.4992041421E-01   -8.1024840093E-03
   3.91500   -2.4992041586E-01   -8.0702907683E-03   -2.4992041586E-01   -8.0702907683E-03
   3.93000   -2.4992041709E-01   -8.0383455534E-03   -2.4992041709E-01   -8.0383455534E-03
   3.94500   -2.4992041721E-01   -8.0066448373E-03   -2.4992041721E-01   -8.0066448373E-03
   3.96000   -2.4992041618E-01   -7.9751848348E-03   -2.4992041618E-01   -7.9751848348E-03
   3.97500   -2.4992041466E-01   -7.9439620697E-03   -2.4992041466E-01   -7.9439620697E-03
   3.99000   -2.4992041359E-01   -7.9129737795E-03   -2.4992041359E-01   -7.9129737795E-03
   4.00500   -2.4992041363E-01   -7.8822179160E-03   -2.4992041363E-01   -7.8822179160E-03
   4.02000   -2.4992041477E-01   -7.8516927437E-03   -2.4992041477E-01   -7.8516927437E-03
   4.03500   -2.4992041635E-01   -7.8213962799E-03   -2.4992041635E-01   -7.8213962799E-03
   4.05000   -2.4992041743E-01   -7.7913259106E-03   -2.4992041743E-01   -7.7913259106E-03
   4.06500   -2.4992041739E-01   -7.7614784111E-03   -2.4992041739E-01   -7.7614784111E-03
   4.08000   -2.4992041629E-01   -7.7318503548E-03   -2.4992041629E-01   -7.7318503548E-03
   4.09500   -2.4992041480E-01   -7.7024386640E-03   -2.4992041480E-01   -7.7024386640E-03
   4.11000   -2.4992041383E-01   -7.6732409692E-03   -2.4992041383E-01   -7.6732409692E-03
   4.12500   -2.4992041398E-01   -7.6442555654E-03   -2.4992041398E-01   -7.6442555654E-03
   4.14000   -2.4992041515E-01   -7.6154809927E-03   -2.4992041515E-01   -7.6154809927E-03
   4.15500   -2.4992041666E-01   -7.5869154950E-03   -2.4992041666E-01   -7.5869154950E-03
   4.17000   -2.4992041761E-01   -7.5585566798E-03   -2.4992041761E-01   -7.5585566798E-03
   4.18500   -2.4992041744E-01   -7.5304015830E-03   -2.4992041744E-01   -7.5304015830E-03
   4.20000   -2.4992041628E-01   -7.5024470945E-03   -2.4992041628E-01   -7.5024470945E-03
   4.21500   -2.4992041483E-01   -7.4746904883E-03   -2.4992041483E-01   -7.4746904883E-03
   4.23000   -2.4992041397E-01   -7.4471297383E-03   -2.4992041397E-01   -7.4471297383E-03
   4.24500   -2.4992041423E-01   -7.4197634330E-03   -2.4992041423E-01   -7.4197634330E-03
   4.26000   -2.4992041543E-01   -7.3925903407E-03   -2.4992041543E-01   -7.3925903407E-03
   4.27500   -2.4992041687E-01   -7.3656088899E-03   -2.4992041687E-01   -7.3656088899E-03
   4.29000   -2.4992041769E-01   -7.3388168739E-03   -2.4992041769E-01   -7.3388168739E-03
   4.30500   -2.4992041740E-01   -7.3122115551E-03   -2.4992041740E-01   -7.3122115551E-03
   4.32000   -2.4992041620E-01   -7.2857901043E-03   -2.4992041620E-01   -7.2857901043E-03
   4.33500   -2.4992041481E-01   -7.2595501085E-03   -2.4992041481E-01   -7.2595501085E-03
   4.35000   -2.4992041407E-01   -7.2334898430E-03   -2.4992041407E-01   -7.2334898430E-03
   4.36500   -2.4992041442E-01   -7.2076081466E-03   -2.4992041442E-01   -7.2076081466E-03
   4.38000   -2.4992041566E-01   -7.1819039766E-03   -2.4992041566E-01   -7.1819039766E-03
   4.39500   -2.4992041703E-01   -7.1563759119E-03   -2.4992041703E-01   -7.1563759119E-03
   4.41000   -2.4992041772E-01   -7.1310219015E-03   -2.4992041772E-01   -7.1310219015E-03
   4.42500   -2.4992041732E-01   -7.1058394070E-03   -2.4992041732E-01   -7.1058394070E-03
   4.44000   -2.4992041609E-01   -7.0808258508E-03   -2.4992041609E-01   -7.0808258508E-03
   4.45500   -2.4992041476E-01   -7.0559790999E-03   -2.4992041476E-01   -7.0559790999E-03
   4.47000   -2.4992041414E-01   -7.0312976946E-03   -2.4992041414E-01   -7.0312976946E-03
   4.48500   -2.4992041459E-01   -7.0067806878E-03   -2.4992041459E-01   -7.0067806878E-03
   4.50000   -2.4992041584E-01   -6.9824271920E-03   -2.4992041584E-01   -6.9824271920E-03
   4.51500   -2.4992041714E-01   -6.9582359081E-03   -2.4992041714E-01   -6.9582359081E-03
   4.53000   -2.4992041771E-01   -6.9342049169E-03   -2.4992041771E-01   -6.9342049169E-03
   4.54500   -2.4992041722E-01   -6.9103318565E-03   -2.4992041722E-01   -6.9103318565E-03
   4.56000   -2.4992041597E-01   -6.8866143765E-03   -2.4992041597E-01   -6.8866143765E-03
   4.57500   -2.4992041471E-01   -6.8630505957E-03   -2.4992041471E-01   -6.8630505957E-03
   4.59000   -2.4992041420E-01   -6.8396392882E-03   -2.4992041420E-01   -6.8396392882E-03
   4.60500   -2.4992041475E-01   -6.8163796891E-03   -2.4992041475E-01   -6.8163796891E-03
   4.62000   -2.4992041601E-01   -6.7932710378E-03   -2.4992041601E-01   -6.7932710378E-03
   4.63500   -2.4992041723E-01   -6.7703121338E-03   -2.4992041723E-01   -6.7703121338E-03
   4.65000   -2.4992041768E-01   -6.7475011702E-03   -2.4992041768E-01   -6.7475011702E-03
   4.66500   -2.4992041710E-01   -6.7248359432E-03   -2.4992041710E-01   -6.7248359432E-03
   4.68000   -2.4992041584E-01   -6.7023143089E-03   -2.4992041584E-01   -6.7023143089E-03
   4.69500   -2.4992041466E-01   -6.6799346135E-03   -2.4992041466E-01   -6.6799346135E-03
   4.71000   -2.4992041427E-01   -6.6576958373E-03   -2.4992041427E-01   -6.6576958373E-03
   4.72500   -2.4992041489E-01   -6.6355973707E-03   -2.4992041489E-01   -6.6355973707E-03
   4.74000   -2.4992041616E-01   -6.6136385558E-03   -2.4992041616E-01   -6.6136385558E-03
   4.75500   -2.4992041730E-01   -6.5918182710E-03   -2.4992041730E-01   -6.5918182710E-03
   4.77000   -2.4992041764E-01   -6.5701348059E-03   -2.4992041764E-01   -6.5701348059E-03
   4.78500   -2.4992041697E-01   -6.5485860997E-03   -2.4992041697E-01   -6.5485860997E-03
   4.80000   -2.4992041571E-01   -6.5271701978E-03   -2.4992041571E-01   -6.5271701978E-03
   4.81500   -2.4992041461E-01   -6.5058856521E-03   -2.4992041461E-01   -6.5058856521E-03
   4.83000   -2.4992041433E-01   -6.4847316256E-03   -2.4992041433E-01   -6.4847316256E-03
   4.84500   -2.4992041503E-01   -6.4637076398E-03   -2.4992041503E-01   -6.4637076398E-03
   4.86000   -2.4992041629E-01   -6.4428131189E-03   -2.4992041629E-01   -6.4428131189E-03
   4.87500   -2.4992041735E-01   -6.4220470042E-03   -2.4992041735E-01   -6.4220470042E-03
   4.89000   -2.4992041758E-01   -6.4014076690E-03   -2.4992041758E-01   -6.4014076690E-03
   4.90500   -2.4992041684E-01   -6.3808931832E-03   -2.4992041684E-01   -6.3808931832E-03
   4.92000   -2.4992041559E-01   -6.3605017665E-03   -2.4992041559E-01   -6.3605017665E-03
   4.93500   -2.4992041458E-01   -6.3402321580E-03   -2.4992041458E-01   -6.3402321580E-03
   4.95000   -2.4992041440E-01   -6.3200836818E-03   -2.4992041440E-01   -6.3200836818E-03
   4.96500   -2.4992041517E-01   -6.3000559698E-03   -2.4992041517E-01   -6.3000559698E-03
   4.98000   -2.4992041642E-01   -6.2801485107E-03   -2.4992041642E-01   -6.2801485107E-03
   4.99500   -2.4992041739E-01   -6.2603602954E-03   -2.4992041739E-01   -6.2603602954E-03
   5.01000   -2.4992041751E-01   -6.2406897710E-03   -2.4992041751E-01   -6.2406897710E-03
   5.02500   -2.4992041671E-01   -6.2211351276E-03   -2.4992041671E-01   -6.2211351276E-03
   5.04000   -2.4992041548E-01   -6.2016947462E-03   -2.4992041548E-01   -6.2016947462E-03
   5.05500   -2.4992041455E-01   -6.1823675369E-03   -2.4992041455E-01   -6.1823675369E-03
   5.07000   -2.4992041448E-01   -6.1631529656E-03   -2.4992041448E-01   -6.1631529656E-03
   5.08500   -2.4992041531E-01   -6.1440507565E-03   -2.4992041531E-01   -6.1440507565E-03
   5.10000   -2.4992041653E-01   -6.1250604476E-03   -2.4992041653E-01   -6.1250604476E-03
   5.11500   -2.4992041742E-01   -6.1061810689E-03   -2.4992041742E-01   -6.1061810689E-03
   5.13000   -2.4992041743E-01   -6.0874111325E-03   -2.4992041743E-01   -6.0874111325E-03
   5.14500   -2.4992041658E-01   -6.0687489410E-03   -2.4992041658E-01   -6.0687489410E-03
   5.16000   -2.4992041537E-01   -6.0501930255E-03   -2.4992041537E-01   -6.0501930255E-03
   5.17500   -2.4992041453E-01   -6.0317424516E-03   -2.4992041453E-01   -6.0317424516E-03
   5.19000   -2.4992041456E-01   -6.0133968107E-03   -2.4992041456E-01   -6.0133968107E-03
   5.20500   -2.4992041544E-01   -5.9951559027E-03   -2.4992041544E-01   -5.9951559027E-03
   5.22000   -2.4992041664E-01   -5.9770193024E-03   -2.4992041664E-01   -5.9770193024E-03
   5.23500   -2.4992041743E-01   -5.9589860696E-03   -2.4992041743E-01   -5.9589860696E-03
   5.25000   -2.4992041735E-01   -5.9410547758E-03   -2.4992041735E-01   -5.9410547758E-03
   5.26500   -2.4992041645E-01   -5.9232238286E-03   -2.4992041645E-01   -5.9232238286E-03
   5.28000   -2.4992041527E-01   -5.9054918992E-03   -2.4992041527E-01   -5.9054918992E-03
   5.29500   -2.4992041452E-01   -5.8878581959E-03   -2.4992041452E-01   -5.8878581959E-03
   5.31000   -2.4992041465E-01   -5.8703224199E-03   -2.4992041465E-01   -5.8703224199E-03
   5.32500   -2.4992041557E-01   -5.8528844325E-03   -2.4992041557E-01   -5.8528844325E-03
   5.34000   -2.4992041673E-01   -5.8355438345E-03   -2.4992041673E-01   -5.8355438345E-03
   5.35500   -2.4992041743E-01   -5.8182997086E-03   -2.4992041743E-01   -5.8182997086E-03
   5.37000   -2.4992041726E-01   -5.8011506803E-03   -2.4992041726E-01   -5.8011506803E-03
   5.38500   -2.4992041632E-01   -5.7840952568E-03   -2.4992041632E-01   -5.7840952568E-03
   5.40000   -2.4992041518E-01   -5.7671322409E-03   -2.4992041518E-01   -5.7671322409E-03
   5.41500   -2.4992041452E-01   -5.7502609709E-03   -2.4992041452E-01   -5.7502609709E-03
   5.43000   -2.4992041474E-01   -5.7334812440E-03   -2.4992041474E-01   -5.7334812440E-03
   5.44500   -2.4992041570E-01   -5.7167929706E-03   -2.4992041570E-01   -5.7167929706E-03
   5.46000   -2.4992041682E-01   -5.7001957678E-03   -2.4992041682E-01   -5.7001957678E-03
   5.47500   -2.4992041743E-01   -5.6836887359E-03   -2.4992041743E-01   -5.6836887359E-03
   5.49000   -2.4992041717E-01   -5.6672705508E-03   -2.4992041717E-01   -5.6672705508E-03
   5.50500   -2.4992041619E-01   -5.6509398142E-03   -2.4992041619E-01   -5.6509398142E-03
   5.52000   -2.4992041510E-01   -5.6346954527E-03   -2.4992041510E-01   -5.6346954527E-03
   5.53500   -2.4992041453E-01   -5.6185369236E-03   -2.4992041453E-01   -5.6185369236E-03
   5.55000   -2.4992041484E-01   -5.6024641073E-03   -2.4992041484E-01   -5.6024641073E-03
   5.56500   -2.4992041582E-01   -5.5864769522E-03   -2.4992041582E-01   -5.5864769522E-03
   5.58000   -2.4992041690E-01   -5.5705750839E-03   -2.4992041690E-01   -5.5705750839E-03
   5.59500   -2.4992041741E-01   -5.5547576160E-03   -2.4992041741E-01   -5.5547576160E-03
   5.61000   -2.4992041707E-01   -5.5390232717E-03   -2.4992041707E-01   -5.5390232717E-03
   5.62500   -2.4992041607E-01   -5.5233707439E-03   -2.4992041607E-01   -5.5233707439E-03
   5.64000   -2.4992041502E-01   -5.5077990753E-03   -2.4992041502E-01   -5.5077990753E-03
   5.65500   -2.4992041455E-01   -5.4923078319E-03   -2.4992041455E-01   -5.4923078319E-03
   5.67000   -2.4992041494E-01   -5.4768969661E-03   -2.4992041494E-01   -5.4768969661E-03
   5.68500   -2.4992041594E-01   -5.4615664539E-03   -2.4992041594E-01   -5.4615664539E-03
   5.70000   -2.4992041697E-01   -5.4463159233E-03   -2.4992041697E-01   -5.4463159233E-03
   5.71500   -2.4992041739E-01   -5.4311444977E-03   -2.4992041739E-01   -5.4311444977E-03
   5.73000   -2.4992041697E-01   -5.4160509461E-03   -2.4992041697E-01   -5.4160509461E-03
   5.74500   -2.4992041595E-01   -5.4010340485E-03   -2.4992041595E-01   -5.4010340485E-03
   5.76000   -2.4992041496E-01   -5.3860929577E-03   -2.4992041496E-01   -5.3860929577E-03
   5.77500   -2.4992041458E-01   -5.3712273386E-03   -2.4992041458E-01   -5.3712273386E-03
   5.79000   -2.4992041504E-01   -5.3564372051E-03   -2.4992041504E-01   -5.3564372051E-03
   5.80500   -2.4992041606E-01   -5.3417225519E-03   -2.4992041606E-01   -5.3417225519E-03
   5.82000   -2.4992041702E-01   -5.3270830041E-03   -2.4992041702E-01   -5.3270830041E-03
   5.83500   -2.4992041736E-01   -5.3125176926E-03   -2.4992041736E-01   -5.3125176926E-03
   5.85000   -2.4992041686E-01   -5.2980254307E-03   -2.4992041686E-01   -5.2980254307E-03
   5.86500   -2.4992041584E-01   -5.2836050832E-03   -2.4992041584E-01   -5.2836050832E-03
   5.88000   -2.4992041491E-01   -5.2692559062E-03   -2.4992041491E-01   -5.2692559062E-03
   5.89500   -2.4992041462E-01   -5.2549776549E-03   -2.4992041462E-01   -5.2549776549E-03
   5.91000   -2.4992041515E-01   -5.2407703948E-03   -2.4992041515E-01   -5.2407703948E-03
   5.92500   -2.4992041617E-01   -5.2266341319E-03   -2.4992041617E-01   -5.2266341319E-03
   5.94000   -2.4992041707E-01   -5.2125684834E-03   -2.4992041707E-01   -5.2125684834E-03
   5.95500   -2.4992041732E-01   -5.1985725867E-03   -2.4992041732E-01   -5.1985725867E-03
   5.97000   -2.4992041676E-01   -5.1846452987E-03   -2.4992041676E-01   -5.1846452987E-03
   5.98500   -2.4992041573E-01   -5.1707855660E-03   -2.4992041573E-01   -5.1707855660E-03
   6.00000   -2.4992041486E-01   -5.1569927428E-03   -2.4992041486E-01   -5.1569927428E-03
   6.01500   -2.4992041466E-01   -5.1432666657E-03   -2.4992041466E-01   -5.1432666657E-03
   6.03000   -2.4992041525E-01   -5.1296074432E-03   -2.4992041525E-01   -5.1296074432E-03
   6.04500   -2.4992041627E-01   -5.1160150854E-03   -2.4992041627E-01   -5.1160150854E-03
   6.06000   -2.4992041711E-01   -5.1024891987E-03   -2.4992041711E-01   -5.1024891987E-03
   6.07500   -2.4992041727E-01   -5.0890289257E-03   -2.4992041727E-01   -5.0890289257E-03
   6.09000   -2.4992041665E-01   -5.0756331666E-03   -2.4992041665E-01   -5.0756331666E-03
   6.10500   -2.4992041563E-01   -5.0623009479E-03   -2.4992041563E-01   -5.0623009479E-03
   6.12000   -2.4992041483E-01   -5.0490317160E-03   -2.4992041483E-01   -5.0490317160E-03
   6.13500   -2.4992041471E-01   -5.0358253813E-03   -2.4992041471E-01   -5.0358253813E-03
   6.15000   -2.4992041536E-01   -5.0226820868E-03   -2.4992041536E-01   -5.0226820868E-03
   6.16500   -2.4992041637E-01   -5.0096018410E-03   -2.4992041637E-01   -5.0096018410E-03
   6.18000   -2.4992041715E-01   -4.9965842364E-03   -2.4992041715E-01   -4.9965842364E-03
   6.19500   -2.4992041721E-01   -4.9836284208E-03   -2.4992041721E-01   -4.9836284208E-03
   6.21000   -2.4992041654E-01   -4.9707333380E-03   -2.4992041654E-01   -4.9707333380E-03
   6.22500   -2.4992041554E-01   -4.9578980919E-03   -2.4992041554E-01   -4.9578980919E-03
   6.24000   -2.4992041480E-01   -4.9451222161E-03   -2.4992041480E-01   -4.9451222161E-03
   6.25500   -2.4992041477E-01   -4.9324056872E-03   -2.4992041477E-01   -4.9324056872E-03
   6.27000   -2.4992041547E-01   -4.9197486751E-03   -2.4992041547E-01   -4.9197486751E-03
   6.28500   -2.4992041647E-01   -4.9071511815E-03   -2.4992041647E-01   -4.9071511815E-03
   6.30000   -2.4992041717E-01   -4.8946127830E-03   -2.4992041717E-01   -4.8946127830E-03
   6.31500   -2.4992041715E-01   -4.8821326330E-03   -2.4992041715E-01   -4.8821326330E-03
   6.33000   -2.4992041644E-01   -4.8697097189E-03   -2.4992041644E-01   -4.8697097189E-03
   6.34500   -2.4992041545E-01   -4.8573432203E-03   -2.4992041545E-01   -4.8573432203E-03
   6.36000   -2.4992041478E-01   -4.8450327530E-03   -2.4992041478E-01   -4.8450327530E-03
   6.37500   -2.4992041484E-01   -4.8327783524E-03   -2.4992041484E-01   -4.8327783524E-03
   6.39000   -2.4992041557E-01   -4.8205802086E-03   -2.4992041557E-01   -4.8205802086E-03
   6.40500   -2.4992041655E-01   -4.8084383117E-03   -2.4992041655E-01   -4.8084383117E-03
   6.42000   -2.4992041718E-01   -4.7963522213E-03   -2.4992041718E-01   -4.7963522213E-03
   6.43500   -2.4992041709E-01   -4.7843210969E-03   -2.4992041709E-01   -4.7843210969E-03
   6.45000   -2.4992041633E-01   -4.7723439701E-03   -2.4992041633E-01   -4.7723439701E-03
   6.46500   -2.4992041536E-01   -4.7604200943E-03   -2.4992041536E-01   -4.7604200943E-03
   6.48000   -2.4992041477E-01   -4.7485491624E-03   -2.4992041477E-01   -4.7485491624E-03
   6.49500   -2.4992041490E-01   -4.7367312622E-03   -2.4992041490E-01   -4.7367312622E-03
   6.51000   -2.4992041568E-01   -4.7249665972E-03   -2.4992041568E-01   -4.7249665972E-03
   6.52500   -2.4992041663E-01   -4.7132551423E-03   -2.4992041663E-01   -4.7132551423E-03
   6.54000   -2.4992041719E-01   -4.7015964391E-03   -2.4992041719E-01   -4.7015964391E-03
   6.55500   -2.4992041702E-01   -4.6899896545E-03   -2.4992041702E-01   -4.6899896545E-03
   6.57000   -2.4992041622E-01   -4.6784338646E-03   -2.4992041622E-01   -4.6784338646E-03
   6.58500   -2.4992041529E-01   -4.6669283951E-03   -2.4992041529E-01   -4.6669283951E-03
   6.60000   -2.4992041477E-01   -4.6554730110E-03   -2.4992041477E-01   -4.6554730110E-03
   6.61500   -2.4992041498E-01   -4.6440678458E-03   -2.4992041498E-01   -4.6440678458E-03
   6.63000   -2.4992041578E-01   -4.6327131110E-03   -2.4992041578E-01   -4.6327131110E-03
   6.64500   -2.4992041670E-01   -4.6214087627E-03   -2.4992041670E-01   -4.6214087627E-03
   6.66000   -2.4992041718E-01   -4.6101543244E-03   -2.4992041718E-01   -4.6101543244E-03
   6.67500   -2.4992041694E-01   -4.5989489713E-03   -2.4992041694E-01   -4.5989489713E-03
   6.69000   -2.4992041612E-01   -4.5877918254E-03   -2.4992041612E-01   -4.5877918254E-03
   6.70500   -2.4992041522E-01   -4.5766822822E-03   -2.4992041522E-01   -4.5766822822E-03
   6.72000   -2.4992041478E-01   -4.5656201745E-03   -2.4992041478E-01   -4.5656201745E-03
   6.73500   -2.4992041506E-01   -4.5546056752E-03   -2.4992041506E-01   -4.5546056752E-03
   6.75000   -2.4992041589E-01   -4.5436389984E-03   -2.4992041589E-01   -4.5436389984E-03
   6.76500   -2.4992041677E-01   -4.5327200786E-03   -2.4992041677E-01   -4.5327200786E-03
   6.78000   -2.4992041717E-01   -4.5218484213E-03   -2.4992041717E-01   -4.5218484213E-03
   6.79500   -2.4992041686E-01   -4.5110232121E-03   -2.4992041686E-01   -4.5110232121E-03
   6.81000   -2.4992041602E-01   -4.5002436190E-03   -2.4992041602E-01   -4.5002436190E-03
   6.82500   -2.4992041516E-01   -4.4895091057E-03   -2.4992041516E-01   -4.4895091057E-03
   6.84000   -2.4992041479E-01   -4.4788195681E-03   -2.4992041479E-01   -4.4788195681E-03
   6.85500   -2.4992041514E-01   -4.4681752126E-03   -2.4992041514E-01   -4.4681752126E-03
   6.87000   -2.4992041598E-01   -4.4575762508E-03   -2.4992041598E-01   -4.4575762508E-03
   6.88500   -2.4992041682E-01   -4.4470225939E-03   -2.4992041682E-01   -4.4470225939E-03
   6.90000   -2.4992041715E-01   -4.4365137297E-03   -2.4992041715E-01   -4.4365137297E-03
   6.91500   -2.4992041678E-01   -4.4260488557E-03   -2.4992041678E-01   -4.4260488557E-03
   6.93000   -2.4992041592E-01   -4.4156271869E-03   -2.4992041592E-01   -4.4156271869E-03
   6.94500   -2.4992041511E-01   -4.4052482533E-03   -2.4992041511E-01   -4.4052482533E-03
   6.96000   -2.4992041481E-01   -4.3949120092E-03   -2.4992041481E-01   -4.3949120092E-03
   6.97500   -2.4992041522E-01   -4.3846186889E-03   -2.4992041522E-01   -4.3846186889E-03
   6.99000   -2.4992041608E-01   -4.3743684972E-03   -2.4992041608E-01   -4.3743684972E-03
   7.00500   -2.4992041687E-01   -4.3641613199E-03   -2.4992041687E-01   -4.3641613199E-03
   7.02000   -2.4992041713E-01   -4.3539966283E-03   -2.4992041713E-01   -4.3539966283E-03
   7.03500   -2.4992041669E-01   -4.3438736338E-03   -2.4992041669E-01   -4.3438736338E-03
   7.05000   -2.4992041583E-01   -4.3337915988E-03   -2.4992041583E-01   -4.3337915988E-03
   7.06500   -2.4992041506E-01   -4.3237501176E-03   -2.4992041506E-01   -4.3237501176E-03
   7.08000   -2.4992041484E-01   -4.3137491984E-03   -2.4992041484E-01   -4.3137491984E-03
   7.09500   -2.4992041531E-01   -4.3037890982E-03   -2.4992041531E-01   -4.3037890982E-03
   7.11000   -2.4992041617E-01   -4.2938700109E-03   -2.4992041617E-01   -4.2938700109E-03
   7.12500   -2.4992041692E-01   -4.2839917958E-03   -2.4992041692E-01   -4.2839917958E-03
   7.14000   -2.4992041710E-01   -4.2741539086E-03   -2.4992041710E-01   -4.2741539086E-03
   7.15500   -2.4992041661E-01   -4.2643555766E-03   -2.4992041661E-01   -4.2643555766E-03
   7.17000   -2.4992041574E-01   -4.2545961106E-03   -2.4992041574E-01   -4.2545961106E-03
   7.18500   -2.4992041502E-01   -4.2448751668E-03   -2.4992041502E-01   -4.2448751668E-03
   7.20000   -2.4992041488E-01   -4.2351928029E-03   -2.4992041488E-01   -4.2351928029E-03
   7.21500   -2.4992041540E-01   -4.2255492934E-03   -2.4992041540E-01   -4.2255492934E-03
   7.23000   -2.4992041626E-01   -4.2159448177E-03   -2.4992041626E-01   -4.2159448177E-03
   7.24500   -2.4992041695E-01   -4.2063792077E-03   -2.4992041695E-01   -4.2063792077E-03
   7.26000   -2.4992041706E-01   -4.1968519054E-03   -2.4992041706E-01   -4.1968519054E-03
   7.27500   -2.4992041652E-01   -4.1873621558E-03   -2.4992041652E-01   -4.1873621558E-03
   7.29000   -2.4992041566E-01   -4.1779093182E-03   -2.4992041566E-01   -4.1779093182E-03
   7.30500   -2.4992041499E-01   -4.1684931092E-03   -2.4992041499E-01   -4.1684931092E-03
   7.32000   -2.4992041492E-01   -4.1591136311E-03   -2.4992041492E-01   -4.1591136311E-03
   7.33500   -2.4992041548E-01   -4.1497711712E-03   -2.4992041548E-01   -4.1497711712E-03
   7.35000   -2.4992041634E-01   -4.1404658913E-03   -2.4992041634E-01   -4.1404658913E-03
   7.36500   -2.4992041698E-01   -4.1311975953E-03   -2.4992041698E-01   -4.1311975953E-03
   7.38000   -2.4992041701E-01   -4.1219657132E-03   -2.4992041701E-01   -4.1219657132E-03
   7.39500   -2.4992041643E-01   -4.1127695098E-03   -2.4992041643E-01   -4.1127695098E-03
   7.41000   -2.4992041558E-01   -4.1036083937E-03   -2.4992041558E-01   -4.1036083937E-03
   7.42500   -2.4992041497E-01   -4.0944821389E-03   -2.4992041497E-01   -4.0944821389E-03
   7.44000   -2.4992041497E-01   -4.0853908884E-03   -2.4992041497E-01   -4.0853908884E-03
   7.45500   -2.4992041557E-01   -4.0763349375E-03   -2.4992041557E-01   -4.0763349375E-03
   7.47000   -2.4992041642E-01   -4.0673144277E-03   -2.4992041642E-01   -4.0673144277E-03
   7.48500   -2.4992041700E-01   -4.0583291349E-03   -2.4992041700E-01   -4.0583291349E-03
   7.50000   -2.4992041696E-01   -4.0493784788E-03   -2.4992041696E-01   -4.0493784788E-03
   7.51500   -2.4992041634E-01   -4.0404617464E-03   -2.4992041634E-01   -4.0404617464E-03
   7.53000   -2.4992041550E-01   -4.0315783953E-03   -2.4992041550E-01   -4.0315783953E-03
   7.54500   -2.4992041495E-01   -4.0227282550E-03   -2.4992041495E-01   -4.0227282550E-03
   7.56000   -2.4992041502E-01   -4.0139115046E-03   -2.4992041502E-01   -4.0139115046E-03
   7.57500   -2.4992041566E-01   -4.0051284432E-03   -2.4992041566E-01   -4.0051284432E-03
   7.59000   -2.4992041649E-01   -3.9963791896E-03   -2.4992041649E-01   -3.9963791896E-03
   7.60500   -2.4992041701E-01   -3.9876634918E-03   -2.4992041701E-01   -3.9876634918E-03
   7.62000   -2.4992041691E-01   -3.9789807615E-03   -2.4992041691E-01   -3.9789807615E-03
   7.63500   -2.4992041625E-01   -3.9703303096E-03   -2.4992041625E-01   -3.9703303096E-03
   7.65000   -2.4992041543E-01   -3.9617116433E-03   -2.4992041543E-01   -3.9617116433E-03
   7.66500   -2.4992041494E-01   -3.9531246446E-03   -2.4992041494E-01   -3.9531246446E-03
   7.68000   -2.4992041508E-01   -3.9445695247E-03   -2.4992041508E-01   -3.9445695247E-03
   7.69500   -2.4992041575E-01   -3.9360465825E-03   -2.4992041575E-01   -3.9360465825E-03
   7.71000   -2.4992041656E-01   -3.9275559117E-03   -2.4992041656E-01   -3.9275559117E-03
   7.72500   -2.4992041701E-01   -3.9190972334E-03   -2.4992041701E-01   -3.9190972334E-03
   7.74000   -2.4992041685E-01   -3.9106699531E-03   -2.4992041685E-01   -3.9106699531E-03
   7.75500   -2.4992041616E-01   -3.9022734080E-03   -2.4992041616E-01   -3.9022734080E-03
   7.77000   -2.4992041537E-01   -3.8939071544E-03   -2.4992041537E-01   -3.8939071544E-03
   7.78500   -2.4992041494E-01   -3.8855711244E-03   -2.4992041494E-01   -3.8855711244E-03
   7.80000   -2.4992041514E-01   -3.8772655572E-03   -2.4992041514E-01   -3.8772655572E-03
   7.81500   -2.4992041584E-01   -3.8689907474E-03   -2.4992041584E-01   -3.8689907474E-03
   7.83000   -2.4992041662E-01   -3.8607467623E-03   -2.4992041662E-01   -3.8607467623E-03
   7.84500   -2.4992041701E-01   -3.8525332965E-03   -2.4992041701E-01   -3.8525332965E-03
   7.86000   -2.4992041678E-01   -3.8443497521E-03   -2.4992041678E-01   -3.8443497521E-03
   7.87500   -2.4992041607E-01   -3.8361954941E-03   -2.4992041607E-01   -3.8361954941E-03
   7.89000   -2.4992041531E-01   -3.8280701279E-03   -2.4992041531E-01   -3.8280701279E-03
   7.90500   -2.4992041495E-01   -3.8199736329E-03   -2.4992041495E-01   -3.8199736329E-03
   7.92000   -2.4992041521E-01   -3.8119062721E-03   -2.4992041521E-01   -3.8119062721E-03
   7.93500   -2.4992041593E-01   -3.8038683325E-03   -2.4992041593E-01   -3.8038683325E-03
   7.95000   -2.4992041668E-01   -3.7958598532E-03   -2.4992041668E-01   -3.7958598532E-03
   7.96500   -2.4992041700E-01   -3.7878805039E-03   -2.4992041700E-01   -3.7878805039E-03
   7.98000   -2.4992041672E-01   -3.7799296855E-03   -2.4992041672E-01   -3.7799296855E-03
   7.99500   -2.4992041599E-01   -3.7720067924E-03   -2.4992041599E-01   -3.7720067924E-03
   8.01000   -2.4992041526E-01   -3.7641114789E-03   -2.4992041526E-01   -3.7641114789E-03
   8.02500   -2.4992041496E-01   -3.7562437689E-03   -2.4992041496E-01   -3.7562437689E-03
   8.04000   -2.4992041528E-01   -3.7484039451E-03   -2.4992041528E-01   -3.7484039451E-03
   8.05500   -2.4992041601E-01   -3.7405922836E-03   -2.4992041601E-01   -3.7405922836E-03
   8.07000   -2.4992041673E-01   -3.7328087946E-03   -2.4992041673E-01   -3.7328087946E-03
   8.08500   -2.4992041699E-01   -3.7250531237E-03   -2.4992041699E-01   -3.7250531237E-03
   8.10000   -2.4992041665E-01   -3.7173246732E-03   -2.4992041665E-01   -3.7173246732E-03
   8.11500   -2.4992041590E-01   -3.7096228689E-03   -2.4992041590E-01   -3.7096228689E-03
   8.13000   -2.4992041521E-01   -3.7019474132E-03   -2.4992041521E-01   -3.7019474132E-03
   8.14500   -2.4992041498E-01   -3.6942983715E-03   -2.4992041498E-01   -3.6942983715E-03
   8.16000   -2.4992041535E-01   -3.6866760424E-03   -2.4992041535E-01   -3.6866760424E-03
   8.17500   -2.4992041609E-01   -3.6790806880E-03   -2.4992041609E-01   -3.6790806880E-03
   8.19000   -2.4992041677E-01   -3.6715122887E-03   -2.4992041677E-01   -3.6715122887E-03
   8.20500   -2.4992041697E-01   -3.6639704681E-03   -2.4992041697E-01   -3.6639704681E-03
   8.22000   -2.4992041657E-01   -3.6564546320E-03   -2.4992041657E-01   -3.6564546320E-03
   8.23500   -2.4992041582E-01   -3.6489642391E-03   -2.4992041582E-01   -3.6489642391E-03
   8.25000   -2.4992041517E-01   -3.6414990392E-03   -2.4992041517E-01   -3.6414990392E-03
   8.26500   -2.4992041500E-01   -3.6340591363E-03   -2.4992041500E-01   -3.6340591363E-03
   8.28000   -2.4992041542E-01   -3.6266448410E-03   -2.4992041542E-01   -3.6266448410E-03
   8.29500   -2.4992041617E-01   -3.6192563986E-03   -2.4992041617E-01   -3.6192563986E-03
   8.31000   -2.4992041680E-01   -3.6118937597E-03   -2.4992041680E-01   -3.6118937597E-03
   8.32500   -2.4992041694E-01   -3.6045565269E-03   -2.4992041694E-01   -3.6045565269E-03
   8.34000   -2.4992041650E-01   -3.5972441126E-03   -2.4992041650E-01   -3.5972441126E-03
   8.35500   -2.4992041575E-01   -3.5899560096E-03   -2.4992041575E-01   -3.5899560096E-03
   8.37000   -2.4992041514E-01   -3.5826920140E-03   -2.4992041514E-01   -3.5826920140E-03
   8.38500   -2.4992041503E-01   -3.5754522656E-03   -2.4992041503E-01   -3.5754522656E-03
   8.40000   -2.4992041550E-01   -3.5682370830E-03   -2.4992041550E-01   -3.5682370830E-03
   8.41500   -2.4992041625E-01   -3.5610466927E-03   -2.4992041625E-01   -3.5610466927E-03
   8.43000   -2.4992041683E-01   -3.5538810147E-03   -2.4992041683E-01   -3.5538810147E-03
   8.44500   -2.4992041691E-01   -3.5467396331E-03   -2.4992041691E-01   -3.5467396331E-03
   8.46000   -2.4992041642E-01   -3.5396219691E-03   -2.4992041642E-01   -3.5396219691E-03
   8.47500   -2.4992041567E-01   -3.5325275509E-03   -2.4992041567E-01   -3.5325275509E-03
   8.49000   -2.4992041511E-01   -3.5254562197E-03   -2.4992041511E-01   -3.5254562197E-03
   8.50500   -2.4992041507E-01   -3.5184081479E-03   -2.4992041507E-01   -3.5184081479E-03
   8.52000   -2.4992041557E-01   -3.5113836589E-03   -2.4992041557E-01   -3.5113836589E-03
   8.53500   -2.4992041632E-01   -3.5043829578E-03   -2.4992041632E-01   -3.5043829578E-03
   8.55000   -2.4992041686E-01   -3.4974059343E-03   -2.4992041686E-01   -3.4974059343E-03
   8.56500   -2.4992041687E-01   -3.4904521562E-03   -2.4992041687E-01   -3.4904521562E-03
   8.58000   -2.4992041634E-01   -3.4835210556E-03   -2.4992041634E-01   -3.4835210556E-03
   8.59500   -2.4992041560E-01   -3.4766121973E-03   -2.4992041560E-01   -3.4766121973E-03
   8.61000   -2.4992041509E-01   -3.4697254666E-03   -2.4992041509E-01   -3.4697254666E-03
   8.62500   -2.4992041511E-01   -3.4628610649E-03   -2.4992041511E-01   -3.4628610649E-03
   8.64000   -2.4992041565E-01   -3.4560193171E-03   -2.4992041565E-01   -3.4560193171E-03
   8.65500   -2.4992041639E-01   -3.4492004050E-03   -2.4992041639E-01   -3.4492004050E-03
   8.67000   -2.4992041687E-01   -3.4424041886E-03   -2.4992041687E-01   -3.4424041886E-03
   8.68500   -2.4992041682E-01   -3.4356302212E-03   -2.4992041682E-01   -3.4356302212E-03
   8.70000   -2.4992041627E-01   -3.4288779485E-03   -2.4992041627E-01   -3.4288779485E-03
   8.71500   -2.4992041554E-01   -3.4221469726E-03   -2.4992041554E-01   -3.4221469726E-03
   8.73000   -2.4992041508E-01   -3.4154372213E-03   -2.4992041508E-01   -3.4154372213E-03
   8.74500   -2.4992041516E-01   -3.4087489222E-03   -2.4992041516E-01   -3.4087489222E-03
   8.76000   -2.4992041573E-01   -3.4020823981E-03   -2.4992041573E-01   -3.4020823981E-03
   8.77500   -2.4992041645E-01   -3.3954378060E-03   -2.4992041645E-01   -3.3954378060E-03
   8.79000   -2.4992041688E-01   -3.3888149767E-03   -2.4992041688E-01   -3.3888149767E-03
   8.80500   -2.4992041678E-01   -3.3822134513E-03   -2.4992041678E-01   -3.3822134513E-03
   8.82000   -2.4992041619E-01   -3.3756326916E-03   -2.4992041619E-01   -3.3756326916E-03
   8.83500   -2.4992041548E-01   -3.3690723375E-03   -2.4992041548E-01   -3.3690723375E-03
   8.85000   -2.4992041507E-01   -3.3625323575E-03   -2.4992041507E-01   -3.3625323575E-03
   8.86500   -2.4992041521E-01   -3.3560130025E-03   -2.4992041521E-01   -3.3560130025E-03
   8.88000   -2.4992041581E-01   -3.3495145901E-03   -2.4992041581E-01   -3.3495145901E-03
   8.89500   -2.4992041651E-01   -3.3430372509E-03   -2.4992041651E-01   -3.3430372509E-03
   8.91000   -2.4992041689E-01   -3.3365807874E-03   -2.4992041689E-01   -3.3365807874E-03
   8.92500   -2.4992041672E-01   -3.3301447311E-03   -2.4992041672E-01   -3.3301447311E-03
   8.94000   -2.4992041611E-01   -3.3237285617E-03   -2.4992041611E-01   -3.3237285617E-03
   8.95500   -2.4992041542E-01   -3.3173319576E-03   -2.4992041542E-01   -3.3173319576E-03
   8.97000   -2.4992041507E-01   -3.3109549265E-03   -2.4992041507E-01   -3.3109549265E-03
   8.98500   -2.4992041526E-01   -3.3045977389E-03   -2.4992041526E-01   -3.3045977389E-03
   9.00000   -2.4992041588E-01   -3.2982607044E-03   -2.4992041588E-01   -3.2982607044E-03
   9.01500   -2.4992041656E-01   -3.2919439262E-03   -2.4992041656E-01   -3.2919439262E-03
   9.03000   -2.4992041689E-01   -3.2856471795E-03   -2.4992041689E-01   -3.2856471795E-03
   9.04500   -2.4992041667E-01   -3.2793699886E-03   -2.4992041667E-01   -3.2793699886E-03
   9.06000   -2.4992041604E-01   -3.2731118534E-03   -2.4992041604E-01   -3.2731118534E-03
   9.07500   -2.4992041537E-01   -3.2668724908E-03   -2.4992041537E-01   -3.2668724908E-03
   9.09000   -2.4992041507E-01   -3.2606519458E-03   -2.4992041507E-01   -3.2606519458E-03
   9.10500   -2.4992041532E-01   -3.2544505054E-03   -2.4992041532E-01   -3.2544505054E-03
   9.12000   -2.4992041596E-01   -3.2482684686E-03   -2.4992041596E-01   -3.2482684686E-03
   9.13500   -2.4992041661E-01   -3.2421059100E-03   -2.4992041661E-01   -3.2421059100E-03
   9.15000   -2.4992041688E-01   -3.2359625791E-03   -2.4992041688E-01   -3.2359625791E-03
   9.16500   -2.4992041661E-01   -3.2298379951E-03   -2.4992041661E-01   -3.2298379951E-03
   9.18000   -2.4992041596E-01   -3.2237316802E-03   -2.4992041596E-01   -3.2237316802E-03
   9.19500   -2.4992041533E-01   -3.2176433902E-03   -2.4992041533E-01   -3.2176433902E-03
   9.21000   -2.4992041508E-01   -3.2115732049E-03   -2.4992041508E-01   -3.2115732049E-03
   9.22500   -2.4992041538E-01   -3.2055214250E-03   -2.4992041538E-01   -3.2055214250E-03
   9.24000   -2.4992041603E-01   -3.1994883360E-03   -2.4992041603E-01   -3.1994883360E-03
   9.25500   -2.4992041665E-01   -3.1934739835E-03   -2.4992041665E-01   -3.1934739835E-03
   9.27000   -2.4992041687E-01   -3.1874780926E-03   -2.4992041687E-01   -3.1874780926E-03
   9.28500   -2.4992041655E-01   -3.1815001801E-03   -2.4992041655E-01   -3.1815001801E-03
   9.30000   -2.4992041589E-01   -3.1755397922E-03   -2.4992041589E-01   -3.1755397922E-03
   9.31500   -2.4992041529E-01   -3.1695967232E-03   -2.4992041529E-01   -3.1695967232E-03
   9.33000   -2.4992041510E-01   -3.1636710861E-03   -2.4992041510E-01   -3.1636710861E-03
   9.34500   -2.4992041544E-01   -3.1577631917E-03   -2.4992041544E-01   -3.1577631917E-03
   9.36000   -2.4992041610E-01   -3.1518733099E-03   -2.4992041610E-01   -3.1518733099E-03
   9.37500   -2.4992041669E-01   -3.1460014569E-03   -2.4992041669E-01   -3.1460014569E-03
   9.39000   -2.4992041685E-01   -3.1401473347E-03   -2.4992041685E-01   -3.1401473347E-03
   9.40500   -2.4992041648E-01   -3.1343104606E-03   -2.4992041648E-01   -3.1343104606E-03
   9.42000   -2.4992041582E-01   -3.1284904062E-03   -2.4992041582E-01   -3.1284904062E-03
   9.43500   -2.4992041525E-01   -3.1226870043E-03   -2.4992041525E-01   -3.1226870043E-03
   9.45000   -2.4992041512E-01   -3.1169003986E-03   -2.4992041512E-01   -3.1169003986E-03
   9.46500   -2.4992041551E-01   -3.1111309068E-03   -2.4992041551E-01   -3.1111309068E-03
   9.48000   -2.4992041617E-01   -3.1053787813E-03   -2.4992041617E-01   -3.1053787813E-03
   9.49500   -2.4992041672E-01   -3.0996440084E-03   -2.4992041672E-01   -3.0996440084E-03
   9.51000   -2.4992041682E-01   -3.0939262693E-03   -2.4992041682E-01   -3.0939262693E-03
   9.52500   -2.4992041642E-01   -3.0882250838E-03   -2.4992041642E-01   -3.0882250838E-03
   9.54000   -2.4992041575E-01   -3.0825400507E-03   -2.4992041575E-01   -3.0825400507E-03
   9.55500   -2.4992041522E-01   -3.0768710407E-03   -2.4992041522E-01   -3.0768710407E-03
   9.57000   -2.4992041515E-01   -3.0712182255E-03   -2.4992041515E-01   -3.0712182255E-03
   9.58500   -2.4992041557E-01   -3.0655819274E-03   -2.4992041557E-01   -3.0655819274E-03
   9.60000   -2.4992041624E-01   -3.0599623787E-03   -2.4992041624E-01   -3.0599623787E-03
   9.61500   -2.4992041675E-01   -3.0543595363E-03   -2.4992041675E-01   -3.0543595363E-03
   9.63000   -2.4992041679E-01   -3.0487730621E-03   -2.4992041679E-01   -3.0487730621E-03
   9.64500   -2.4992041635E-01   -3.0432024812E-03   -2.4992041635E-01   -3.0432024812E-03
   9.66000   -2.4992041568E-01   -3.0376474208E-03   -2.4992041568E-01   -3.0376474208E-03
   9.67500   -2.4992041520E-01   -3.0321077886E-03   -2.4992041520E-01   -3.0321077886E-03
   9.69000   -2.4992041518E-01   -3.0265837824E-03   -2.4992041518E-01   -3.0265837824E-03
   9.70500   -2.4992041564E-01   -3.0210757257E-03   -2.4992041564E-01   -3.0210757257E-03
   9.72000   -2.4992041630E-01   -3.0155838292E-03   -2.4992041630E-01   -3.0155838292E-03
   9.73500   -2.4992041677E-01   -3.0101080204E-03   -2.4992041677E-01   -3.0101080204E-03
   9.75000   -2.4992041676E-01   -3.0046479444E-03   -2.4992041676E-01   -3.0046479444E-03
   9.76500   -2.4992041628E-01   -2.9992031334E-03   -2.4992041628E-01   -2.9992031334E-03
   9.78000   -2.4992041562E-01   -2.9937732445E-03   -2.4992041562E-01   -2.9937732445E-03
   9.79500   -2.4992041518E-01   -2.9883582219E-03   -2.4992041518E-01   -2.9883582219E-03
   9.81000   -2.4992041522E-01   -2.9829582863E-03   -2.4992041522E-01   -2.9829582863E-03
   9.82500   -2.4992041571E-01   -2.9775737598E-03   -2.4992041571E-01   -2.9775737598E-03
   9.84000   -2.4992041636E-01   -2.9722048299E-03   -2.4992041636E-01   -2.9722048299E-03
   9.85500   -2.4992041678E-01   -2.9668513956E-03   -2.4992041678E-01   -2.9668513956E-03
   9.87000   -2.4992041672E-01   -2.9615130867E-03   -2.4992041672E-01   -2.9615130867E-03
   9.88500   -2.4992041621E-01   -2.9561894455E-03   -2.4992041621E-01   -2.9561894455E-03
   9.90000   -2.4992041557E-01   -2.9508801596E-03   -2.4992041557E-01   -2.9508801596E-03
   9.91500   -2.4992041517E-01   -2.9455852084E-03   -2.4992041517E-01   -2.9455852084E-03
   9.93000   -2.4992041526E-01   -2.9403048335E-03   -2.4992041526E-01   -2.9403048335E-03
   9.94500   -2.4992041578E-01   -2.9350393526E-03   -2.4992041578E-01   -2.9350393526E-03
   9.96000   -2.4992041642E-01   -2.9297889287E-03   -2.4992041642E-01   -2.9297889287E-03
   9.97500   -2.4992041679E-01   -2.9245534329E-03   -2.4992041679E-01   -2.9245534329E-03
   9.99000   -2.4992041667E-01   -2.9193324821E-03   -2.4992041667E-01   -2.9193324821E-03
  10.00500   -2.4992041614E-01   -2.9141256306E-03   -2.4992041614E-01   -2.9141256306E-03
  10.02000   -2.4992041551E-01   -2.9089325977E-03   -2.4992041551E-01   -2.9089325977E-03
  10.03500   -2.4992041516E-01   -2.9037533968E-03   -2.4992041516E-01   -2.9037533968E-03
  10.05000   -2.4992041530E-01   -2.8985882874E-03   -2.4992041530E-01   -2.8985882874E-03
  10.06500   -2.4992041585E-01   -2.8934375804E-03   -2.4992041585E-01   -2.8934375804E-03
  10.08000   -2.4992041647E-01   -2.8883014134E-03   -2.4992041647E-01   -2.8883014134E-03
  10.09500   -2.4992041679E-01   -2.8831796300E-03   -2.4992041679E-01   -2.8831796300E-03
  10.11000   -2.4992041663E-01   -2.8780718369E-03   -2.4992041663E-01   -2.8780718369E-03
  10.12500   -2.4992041607E-01   -2.8729776025E-03   -2.4992041607E-01   -2.8729776025E-03
  10.14000   -2.4992041546E-01   -2.8678966784E-03   -2.4992041546E-01   -2.8678966784E-03
  10.15500   -2.4992041516E-01   -2.8628291104E-03   -2.4992041516E-01   -2.8628291104E-03
  10.17000   -2.4992041535E-01   -2.8577751734E-03   -2.4992041535E-01   -2.8577751734E-03
  10.18500   -2.4992041592E-01   -2.8527351692E-03   -2.4992041592E-01   -2.8527351692E-03
  10.20000   -2.4992041652E-01   -2.8477092087E-03   -2.4992041652E-01   -2.8477092087E-03
  10.21500   -2.4992041679E-01   -2.8426971095E-03   -2.4992041679E-01   -2.8426971095E-03
  10.23000   -2.4992041658E-01   -2.8376984703E-03   -2.4992041658E-01   -2.8376984703E-03
  10.24500   -2.4992041601E-01   -2.8327128755E-03   -2.4992041601E-01   -2.8327128755E-03
  10.26000   -2.4992041542E-01   -2.8277401093E-03   -2.4992041542E-01   -2.8277401093E-03
  10.27500   -2.4992041517E-01   -2.8227802488E-03   -2.4992041517E-01   -2.8227802488E-03
  10.29000   -2.4992041540E-01   -2.8178335816E-03   -2.4992041540E-01   -2.8178335816E-03
  10.30500   -2.4992041598E-01   -2.8129003977E-03   -2.4992041598E-01   -2.8129003977E-03
  10.32000   -2.4992041656E-01   -2.8079807808E-03   -2.4992041656E-01   -2.8079807808E-03
  10.33500   -2.4992041678E-01   -2.8030745239E-03   -2.4992041678E-01   -2.8030745239E-03
  10.35000   -2.4992041653E-01   -2.7981812197E-03   -2.4992041653E-01   -2.7981812197E-03
  10.36500   -2.4992041594E-01   -2.7933004709E-03   -2.4992041594E-01   -2.7933004709E-03
  10.38000   -2.4992041538E-01   -2.7884320945E-03   -2.4992041538E-01   -2.7884320945E-03
  10.39500   -2.4992041518E-01   -2.7835761970E-03   -2.4992041518E-01   -2.7835761970E-03
  10.41000   -2.4992041546E-01   -2.7787330760E-03   -2.4992041546E-01   -2.7787330760E-03
  10.42500   -2.4992041605E-01   -2.7739030078E-03   -2.4992041605E-01   -2.7739030078E-03
  10.44000   -2.4992041660E-01   -2.7690860484E-03   -2.4992041660E-01   -2.7690860484E-03
  10.45500   -2.4992041677E-01   -2.7642819674E-03   -2.4992041677E-01   -2.7642819674E-03
  10.47000   -2.4992041647E-01   -2.7594903540E-03   -2.4992041647E-01   -2.7594903540E-03
  10.48500   -2.4992041587E-01   -2.7547108309E-03   -2.4992041587E-01   -2.7547108309E-03
  10.50000   -2.4992041534E-01   -2.7499432481E-03   -2.4992041534E-01   -2.7499432481E-03
  10.51500   -2.4992041519E-01   -2.7451877396E-03   -2.4992041519E-01   -2.7451877396E-03
  10.53000   -2.4992041552E-01   -2.7404446104E-03   -2.4992041552E-01   -2.7404446104E-03
  10.54500   -2.4992041611E-01   -2.7357141210E-03   -2.4992041611E-01   -2.7357141210E-03
  10.56000   -2.4992041663E-01   -2.7309962995E-03   -2.4992041663E-01   -2.7309962995E-03
  10.57500   -2.4992041675E-01   -2.7262908937E-03   -2.4992041675E-01   -2.7262908937E-03
  10.59000   -2.4992041641E-01   -2.7215974916E-03   -2.4992041641E-01   -2.7215974916E-03
  10.60500   -2.4992041581E-01   -2.7169157375E-03   -2.4992041581E-01   -2.7169157375E-03
  10.62000   -2.4992041531E-01   -2.7122455143E-03   -2.4992041531E-01   -2.7122455143E-03
  10.63500   -2.4992041521E-01   -2.7075869817E-03   -2.4992041521E-01   -2.7075869817E-03
  10.65000   -2.4992041557E-01   -2.7029404494E-03   -2.4992041557E-01   -2.7029404494E-03
  10.66500   -2.4992041618E-01   -2.6983061603E-03   -2.4992041618E-01   -2.6983061603E-03
  10.68000   -2.4992041666E-01   -2.6936841144E-03   -2.4992041666E-01   -2.6936841144E-03
  10.69500   -2.4992041673E-01   -2.6890740394E-03   -2.4992041673E-01   -2.6890740394E-03
  10.71000   -2.4992041635E-01   -2.6844755246E-03   -2.4992041635E-01   -2.6844755246E-03
  10.72500   -2.4992041575E-01   -2.6798882374E-03   -2.4992041575E-01   -2.6798882374E-03
  10.74000   -2.4992041529E-01   -2.6753120930E-03   -2.4992041529E-01   -2.6753120930E-03
  10.75500   -2.4992041524E-01   -2.6707472751E-03   -2.4992041524E-01   -2.6707472751E-03
  10.77000   -2.4992041563E-01   -2.6661940954E-03   -2.4992041563E-01   -2.6661940954E-03
  10.78500   -2.4992041623E-01   -2.6616527774E-03   -2.4992041623E-01   -2.6616527774E-03
  10.80000   -2.4992041668E-01   -2.6571232933E-03   -2.4992041668E-01   -2.6571232933E-03
  10.81500   -2.4992041670E-01   -2.6526053525E-03   -2.4992041670E-01   -2.6526053525E-03
  10.83000   -2.4992041629E-01   -2.6480985478E-03   -2.4992041629E-01   -2.6480985478E-03
  10.84500   -2.4992041569E-01   -2.6436025712E-03   -2.4992041569E-01   -2.6436025712E-03
  10.86000   -2.4992041527E-01   -2.6391173697E-03   -2.4992041527E-01   -2.6391173697E-03
  10.87500   -2.4992041527E-01   -2.6346431487E-03   -2.4992041527E-01   -2.6346431487E-03
  10.89000   -2.4992041570E-01   -2.6301802195E-03   -2.4992041570E-01   -2.6301802195E-03
  10.90500   -2.4992041629E-01   -2.6257287847E-03   -2.4992041629E-01   -2.6257287847E-03
  10.92000   -2.4992041670E-01   -2.6212887891E-03   -2.4992041670E-01   -2.6212887891E-03
  10.93500   -2.4992041667E-01   -2.6168599257E-03   -2.4992041667E-01   -2.6168599257E-03
  10.95000   -2.4992041623E-01   -2.6124417930E-03   -2.4992041623E-01   -2.6124417930E-03
  10.96500   -2.4992041564E-01   -2.6080341084E-03   -2.4992041564E-01   -2.6080341084E-03
  10.98000   -2.4992041525E-01   -2.6036368507E-03   -2.4992041525E-01   -2.6036368507E-03
  10.99500   -2.4992041530E-01   -2.5992502445E-03   -2.4992041530E-01   -2.5992502445E-03
  11.01000   -2.4992041576E-01   -2.5948745982E-03   -2.4992041576E-01   -2.5948745982E-03
  11.02500   -2.4992041634E-01   -2.5905100924E-03   -2.4992041634E-01   -2.5905100924E-03
  11.04000   -2.4992041671E-01   -2.5861566447E-03   -2.4992041671E-01   -2.5861566447E-03
  11.05500   -2.4992041664E-01   -2.5818139338E-03   -2.4992041664E-01   -2.5818139338E-03
  11.07000   -2.4992041617E-01   -2.5774815661E-03   -2.4992041617E-01   -2.5774815661E-03
  11.08500   -2.4992041559E-01   -2.5731592859E-03   -2.4992041559E-01   -2.5731592859E-03
  11.10000   -2.4992041524E-01   -2.5688471022E-03   -2.4992041524E-01   -2.5688471022E-03
  11.11500   -2.4992041534E-01   -2.5645452568E-03   -2.4992041534E-01   -2.5645452568E-03
  11.13000   -2.4992041582E-01   -2.5602540532E-03   -2.4992041582E-01   -2.5602540532E-03
  11.14500   -2.4992041639E-01   -2.5559736482E-03   -2.4992041639E-01   -2.5559736482E-03
  11.16000   -2.4992041672E-01   -2.5517039336E-03   -2.4992041672E-01   -2.5517039336E-03
  11.17500   -2.4992041660E-01   -2.5474445755E-03   -2.4992041660E-01   -2.5474445755E-03
  11.19000   -2.4992041611E-01   -2.5431951904E-03   -2.4992041611E-01   -2.5431951904E-03
  11.20500   -2.4992041554E-01   -2.5389555501E-03   -2.4992041554E-01   -2.5389555501E-03
  11.22000   -2.4992041524E-01   -2.5347256931E-03   -2.4992041524E-01   -2.5347256931E-03
  11.23500   -2.4992041538E-01   -2.5305058762E-03   -2.4992041538E-01   -2.5305058762E-03
  11.25000   -2.4992041588E-01   -2.5262963951E-03   -2.4992041588E-01   -2.5262963951E-03
  11.26500   -2.4992041644E-01   -2.5220973828E-03   -2.4992041644E-01   -2.5220973828E-03
  11.28000   -2.4992041672E-01   -2.5179087053E-03   -2.4992041672E-01   -2.5179087053E-03
  11.29500   -2.4992041655E-01   -2.5137300187E-03   -2.4992041655E-01   -2.5137300187E-03
  11.31000   -2.4992041604E-01   -2.5095609515E-03   -2.4992041604E-01   -2.5095609515E-03
  11.32500   -2.4992041550E-01   -2.5054013037E-03   -2.4992041550E-01   -2.5054013037E-03
  11.34000   -2.4992041524E-01   -2.5012511421E-03   -2.4992041524E-01   -2.5012511421E-03
  11.35500   -2.4992041543E-01   -2.4971107361E-03   -2.4992041543E-01   -2.4971107361E-03
  11.37000   -2.4992041594E-01   -2.4929803718E-03   -2.4992041594E-01   -2.4929803718E-03
  11.38500   -2.4992041648E-01   -2.4888601571E-03   -2.4992041648E-01   -2.4888601571E-03
  11.40000   -2.4992041672E-01   -2.4847499336E-03   -2.4992041672E-01   -2.4847499336E-03
  11.41500   -2.4992041651E-01   -2.4806493494E-03   -2.4992041651E-01   -2.4806493494E-03
  11.43000   -2.4992041598E-01   -2.4765580470E-03   -2.4992041598E-01   -2.4765580470E-03
  11.44500   -2.4992041546E-01   -2.4724758551E-03   -2.4992041546E-01   -2.4724758551E-03
  11.46000   -2.4992041524E-01   -2.4684028675E-03   -2.4992041524E-01   -2.4684028675E-03
  11.47500   -2.4992041547E-01   -2.4643393639E-03   -2.4992041547E-01   -2.4643393639E-03
  11.49000   -2.4992041600E-01   -2.4602856186E-03   -2.4992041600E-01   -2.4602856186E-03
  11.50500   -2.4992041652E-01   -2.4562417138E-03   -2.4992041652E-01   -2.4562417138E-03
  11.52000   -2.4992041671E-01   -2.4522074681E-03   -2.4992041671E-01   -2.4522074681E-03
  11.53500   -2.4992041646E-01   -2.4481825237E-03   -2.4992041646E-01   -2.4481825237E-03
  11.55000   -2.4992041592E-01   -2.4441665389E-03   -2.4992041592E-01   -2.4441665389E-03
  11.56500   -2.4992041542E-01   -2.4401593714E-03   -2.4992041542E-01   -2.4401593714E-03
  11.58000   -2.4992041525E-01   -2.4361611406E-03   -2.4992041525E-01   -2.4361611406E-03
  11.59500   -2.4992041552E-01   -2.4321721340E-03   -2.4992041552E-01   -2.4321721340E-03
  11.61000   -2.4992041606E-01   -2.4281926123E-03   -2.4992041606E-01   -2.4281926123E-03
  11.62500   -2.4992041655E-01   -2.4242226317E-03   -2.4992041655E-01   -2.4242226317E-03
  11.64000   -2.4992041670E-01   -2.4202619890E-03   -2.4992041670E-01   -2.4202619890E-03
  11.65500   -2.4992041641E-01   -2.4163103228E-03   -2.4992041641E-01   -2.4163103228E-03
  11.67000   -2.4992041586E-01   -2.4123673089E-03   -2.4992041586E-01   -2.4123673089E-03
  11.68500   -2.4992041539E-01   -2.4084328339E-03   -2.4992041539E-01   -2.4084328339E-03
  11.70000   -2.4992041527E-01   -2.4045070414E-03   -2.4992041527E-01   -2.4045070414E-03
  11.71500   -2.4992041557E-01   -2.4005902244E-03   -2.4992041557E-01   -2.4005902244E-03
  11.73000   -2.4992041612E-01   -2.3966826282E-03   -2.4992041612E-01   -2.3966826282E-03
  11.74500   -2.4992041658E-01   -2.3927842828E-03   -2.4992041658E-01   -2.3927842828E-03
  11.76000   -2.4992041668E-01   -2.3888949646E-03   -2.4992041668E-01   -2.3888949646E-03
  11.77500   -2.4992041636E-01   -2.3850143108E-03   -2.4992041636E-01   -2.3850143108E-03
  11.79000   -2.4992041581E-01   -2.3811420162E-03   -2.4992041581E-01   -2.3811420162E-03
  11.80500   -2.4992041536E-01   -2.3772779965E-03   -2.4992041536E-01   -2.3772779965E-03
  11.82000   -2.4992041529E-01   -2.3734224177E-03   -2.4992041529E-01   -2.3734224177E-03
  11.83500   -2.4992041563E-01   -2.3695755759E-03   -2.4992041563E-01   -2.3695755759E-03
  11.85000   -2.4992041618E-01   -2.3657376994E-03   -2.4992041618E-01   -2.3657376994E-03
  11.86500   -2.4992041661E-01   -2.3619087919E-03   -2.4992041661E-01   -2.3619087919E-03
  11.88000   -2.4992041666E-01   -2.3580886112E-03   -2.4992041666E-01   -2.3580886112E-03
  11.89500   -2.4992041630E-01   -2.3542767950E-03   -2.4992041630E-01   -2.3542767950E-03
  11.91000   -2.4992041575E-01   -2.3504730588E-03   -2.4992041575E-01   -2.3504730588E-03
  11.92500   -2.4992041534E-01   -2.3466773471E-03   -2.4992041534E-01   -2.3466773471E-03
  11.94000   -2.4992041531E-01   -2.3428898463E-03   -2.4992041531E-01   -2.3428898463E-03
  11.95500   -2.4992041568E-01   -2.3391108536E-03   -2.4992041568E-01   -2.3391108536E-03
  11.97000   -2.4992041623E-01   -2.3353405785E-03   -2.4992041623E-01   -2.3353405785E-03
  11.98500   -2.4992041663E-01   -2.3315789990E-03   -2.4992041663E-01   -2.3315789990E-03
  12.00000   -2.4992041663E-01   -2.3278258556E-03   -2.4992041663E-01   -2.3278258556E-03
  12.01500   -2.4992041625E-01   -2.3240807889E-03   -2.4992041625E-01   -2.3240807889E-03
  12.03000   -2.4992041570E-01   -2.3203435361E-03   -2.4992041570E-01   -2.3203435361E-03
  12.04500   -2.4992041532E-01   -2.3166140703E-03   -2.4992041532E-01   -2.3166140703E-03
  12.06000   -2.4992041534E-01   -2.3128925965E-03   -2.4992041534E-01   -2.3128925965E-03
  12.07500   -2.4992041574E-01   -2.3091794105E-03   -2.4992041574E-01   -2.3091794105E-03
  12.09000   -2.4992041628E-01   -2.3054747021E-03   -2.4992041628E-01   -2.3054747021E-03
  12.10500   -2.4992041664E-01   -2.3017784234E-03   -2.4992041664E-01   -2.3017784234E-03
  12.12000   -2.4992041660E-01   -2.2980902997E-03   -2.4992041660E-01   -2.2980902997E-03
  12.13500   -2.4992041619E-01   -2.2944099765E-03   -2.4992041619E-01   -2.2944099765E-03
  12.15000   -2.4992041565E-01   -2.2907372142E-03   -2.4992041565E-01   -2.2907372142E-03
  12.16500   -2.4992041531E-01   -2.2870720132E-03   -2.4992041531E-01   -2.2870720132E-03
  12.18000   -2.4992041537E-01   -2.2834145959E-03   -2.4992041537E-01   -2.2834145959E-03
  12.19500   -2.4992041580E-01   -2.2797652540E-03   -2.4992041580E-01   -2.2797652540E-03
  12.21000   -2.4992041633E-01   -2.2761241566E-03   -2.4992041633E-01   -2.2761241566E-03
  12.22500   -2.4992041665E-01   -2.2724912305E-03   -2.4992041665E-01   -2.2724912305E-03
  12.24000   -2.4992041657E-01   -2.2688661875E-03   -2.4992041657E-01   -2.2688661875E-03
  12.25500   -2.4992041613E-01   -2.2652486803E-03   -2.4992041613E-01   -2.2652486803E-03
  12.27000   -2.4992041560E-01   -2.2616384929E-03   -2.4992041560E-01   -2.2616384929E-03
  12.28500   -2.4992041530E-01   -2.2580356531E-03   -2.4992041530E-01   -2.2580356531E-03
  12.30000   -2.4992041541E-01   -2.2544403979E-03   -2.4992041541E-01   -2.2544403979E-03
  12.31500   -2.4992041585E-01   -2.2508530135E-03   -2.4992041585E-01   -2.2508530135E-03
  12.33000   -2.4992041637E-01   -2.2472736467E-03   -2.4992041637E-01   -2.2472736467E-03
  12.34500   -2.4992041666E-01   -2.2437021999E-03   -2.4992041666E-01   -2.2437021999E-03
  12.36000   -2.4992041653E-01   -2.2401383736E-03   -2.4992041653E-01   -2.2401383736E-03
  12.37500   -2.4992041608E-01   -2.2365818291E-03   -2.4992041608E-01   -2.2365818291E-03
  12.39000   -2.4992041556E-01   -2.2330323754E-03   -2.4992041556E-01   -2.2330323754E-03
  12.40500   -2.4992041530E-01   -2.2294900664E-03   -2.4992041530E-01   -2.2294900664E-03
  12.42000   -2.4992041544E-01   -2.2259551519E-03   -2.4992041544E-01   -2.2259551519E-03
  12.43500   -2.4992041591E-01   -2.2224279103E-03   -2.4992041591E-01   -2.2224279103E-03
  12.45000   -2.4992041641E-01   -2.2189084655E-03   -2.4992041641E-01   -2.2189084655E-03
  12.46500   -2.4992041666E-01   -2.2153966964E-03   -2.4992041666E-01   -2.2153966964E-03
  12.48000   -2.4992041649E-01   -2.2118922937E-03   -2.4992041649E-01   -2.2118922937E-03
  12.49500   -2.4992041602E-01   -2.2083949298E-03   -2.4992041602E-01   -2.2083949298E-03
  12.51000   -2.4992041552E-01   -2.2049044389E-03   -2.4992041552E-01   -2.2049044389E-03
  12.52500   -2.4992041530E-01   -2.2014209003E-03   -2.4992041530E-01   -2.2014209003E-03
  12.54000   -2.4992041548E-01   -2.1979445742E-03   -2.4992041548E-01   -2.1979445742E-03
  12.55500   -2.4992041597E-01   -2.1944757294E-03   -2.4992041597E-01   -2.1944757294E-03
  12.57000   -2.4992041645E-01   -2.1910144663E-03   -2.4992041645E-01   -2.1910144663E-03
  12.58500   -2.4992041665E-01   -2.1875606411E-03   -2.4992041665E-01   -2.1875606411E-03
  12.60000   -2.4992041645E-01   -2.1841139371E-03   -2.4992041645E-01   -2.1841139371E-03
  12.61500   -2.4992041596E-01   -2.1806740391E-03   -2.4992041596E-01   -2.1806740391E-03
  12.63000   -2.4992041549E-01   -2.1772408073E-03   -2.4992041549E-01   -2.1772408073E-03
  12.64500   -2.4992041531E-01   -2.1738143450E-03   -2.4992041531E-01   -2.1738143450E-03
  12.66000   -2.4992041553E-01   -2.1703949210E-03   -2.4992041553E-01   -2.1703949210E-03
  12.67500   -2.4992041602E-01   -2.1669827925E-03   -2.4992041602E-01   -2.1669827925E-03
  12.69000   -2.4992041649E-01   -2.1635780359E-03   -2.4992041649E-01   -2.1635780359E-03
  12.70500   -2.4992041665E-01   -2.1601804858E-03   -2.4992041665E-01   -2.1601804858E-03
  12.72000   -2.4992041641E-01   -2.1567898199E-03   -2.4992041641E-01   -2.1567898199E-03
  12.73500   -2.4992041591E-01   -2.1534057377E-03   -2.4992041591E-01   -2.1534057377E-03
  12.75000   -2.4992041545E-01   -2.1500281252E-03   -2.4992041545E-01   -2.1500281252E-03
  12.76500   -2.4992041532E-01   -2.1466571087E-03   -2.4992041532E-01   -2.1466571087E-03
  12.78000   -2.4992041557E-01   -2.1432929633E-03   -2.4992041557E-01   -2.1432929633E-03
  12.79500   -2.4992041608E-01   -2.1399359329E-03   -2.4992041608E-01   -2.1399359329E-03
  12.81000   -2.4992041652E-01   -2.1365860695E-03   -2.4992041652E-01   -2.1365860695E-03
  12.82500   -2.4992041663E-01   -2.1332431875E-03   -2.4992041663E-01   -2.1332431875E-03
  12.84000   -2.4992041636E-01   -2.1299069612E-03   -2.4992041636E-01   -2.1299069612E-03
  12.85500   -2.4992041585E-01   -2.1265771059E-03   -2.4992041585E-01   -2.1265771059E-03
  12.87000   -2.4992041543E-01   -2.1232535340E-03   -2.4992041543E-01   -2.1232535340E-03
  12.88500   -2.4992041533E-01   -2.1199363931E-03   -2.4992041533E-01   -2.1199363931E-03
  12.90000   -2.4992041562E-01   -2.1166259625E-03   -2.4992041562E-01   -2.1166259625E-03
  12.91500   -2.4992041613E-01   -2.1133224714E-03   -2.4992041613E-01   -2.1133224714E-03
  12.93000   -2.4992041654E-01   -2.1100259472E-03   -2.4992041654E-01   -2.1100259472E-03
  12.94500   -2.4992041662E-01   -2.1067361853E-03   -2.4992041662E-01   -2.1067361853E-03
  12.96000   -2.4992041631E-01   -2.1034528588E-03   -2.4992041631E-01   -2.1034528588E-03
  12.97500   -2.4992041580E-01   -2.1001757001E-03   -2.4992041580E-01   -2.1001757001E-03
  12.99000   -2.4992041540E-01   -2.0969046482E-03   -2.4992041540E-01   -2.0969046482E-03
  13.00500   -2.4992041535E-01   -2.0936398703E-03   -2.4992041535E-01   -2.0936398703E-03
  13.02000   -2.4992041567E-01   -2.0903816481E-03   -2.4992041567E-01   -2.0903816481E-03
  13.03500   -2.4992041618E-01   -2.0871301941E-03   -2.4992041618E-01   -2.0871301941E-03
  13.05000   -2.4992041656E-01   -2.0838855114E-03   -2.4992041656E-01   -2.0838855114E-03
  13.06500   -2.4992041660E-01   -2.0806473780E-03   -2.4992041660E-01   -2.0806473780E-03
  13.08000   -2.4992041626E-01   -2.0774154675E-03   -2.4992041626E-01   -2.0774154675E-03
  13.09500   -2.4992041575E-01   -2.0741895313E-03   -2.4992041575E-01   -2.0741895313E-03
  13.11000   -2.4992041538E-01   -2.0709695341E-03   -2.4992041538E-01   -2.0709695341E-03
  13.12500   -2.4992041537E-01   -2.0677556617E-03   -2.4992041537E-01   -2.0677556617E-03
  13.14000   -2.4992041572E-01   -2.0645481956E-03   -2.4992041572E-01   -2.0645481956E-03
  13.15500   -2.4992041623E-01   -2.0613473308E-03   -2.4992041623E-01   -2.0613473308E-03
  13.17000   -2.4992041658E-01   -2.0581530458E-03   -2.4992041658E-01   -2.0581530458E-03
  13.18500   -2.4992041657E-01   -2.0549651030E-03   -2.4992041657E-01   -2.0549651030E-03
  13.20000   -2.4992041621E-01   -2.0517831786E-03   -2.4992041621E-01   -2.0517831786E-03
  13.21500   -2.4992041571E-01   -2.0486070438E-03   -2.4992041571E-01   -2.0486070438E-03
  13.23000   -2.4992041537E-01   -2.0454366892E-03   -2.4992041537E-01   -2.0454366892E-03
  13.24500   -2.4992041540E-01   -2.0422723171E-03   -2.4992041540E-01   -2.0422723171E-03
  13.26000   -2.4992041577E-01   -2.0391142070E-03   -2.4992041577E-01   -2.0391142070E-03
  13.27500   -2.4992041627E-01   -2.0359625348E-03   -2.4992041627E-01   -2.0359625348E-03
  13.29000   -2.4992041659E-01   -2.0328172553E-03   -2.4992041659E-01   -2.0328172553E-03
  13.30500   -2.4992041655E-01   -2.0296781167E-03   -2.4992041655E-01   -2.0296781167E-03
  13.32000   -2.4992041616E-01   -2.0265447996E-03   -2.4992041616E-01   -2.0265447996E-03
  13.33500   -2.4992041566E-01   -2.0234170963E-03   -2.4992041566E-01   -2.0234170963E-03
  13.35000   -2.4992041536E-01   -2.0202950226E-03   -2.4992041536E-01   -2.0202950226E-03
  13.36500   -2.4992041543E-01   -2.0171787957E-03   -2.4992041543E-01   -2.0171787957E-03
  13.38000   -2.4992041583E-01   -2.0140686909E-03   -2.4992041583E-01   -2.0140686909E-03
  13.39500   -2.4992041632E-01   -2.0109648643E-03   -2.4992041632E-01   -2.0109648643E-03
  13.41000   -2.4992041660E-01   -2.0078672472E-03   -2.4992041660E-01   -2.0078672472E-03
  13.42500   -2.4992041651E-01   -2.0047755753E-03   -2.4992041651E-01   -2.0047755753E-03
  13.44000   -2.4992041610E-01   -2.0016895357E-03   -2.4992041610E-01   -2.0016895357E-03
  13.45500   -2.4992041562E-01   -1.9986089427E-03   -2.4992041562E-01   -1.9986089427E-03
  13.47000   -2.4992041535E-01   -1.9955338366E-03   -2.4992041535E-01   -1.9955338366E-03
  13.48500   -2.4992041546E-01   -1.9924644476E-03   -2.4992041546E-01   -1.9924644476E-03
  13.50000   -2.4992041588E-01   -1.9894010449E-03   -2.4992041588E-01   -1.9894010449E-03
  13.51500   -2.4992041636E-01   -1.9863437640E-03   -2.4992041636E-01   -1.9863437640E-03
  13.53000   -2.4992041661E-01   -1.9832925131E-03   -2.4992041661E-01   -1.9832925131E-03
  13.54500   -2.4992041648E-01   -1.9802470174E-03   -2.4992041648E-01   -1.9802470174E-03
  13.56000   -2.4992041605E-01   -1.9772069724E-03   -2.4992041605E-01   -1.9772069724E-03
  13.57500   -2.4992041558E-01   -1.9741722150E-03   -2.4992041558E-01   -1.9741722150E-03
  13.59000   -2.4992041535E-01   -1.9711428093E-03   -2.4992041535E-01   -1.9711428093E-03
  13.60500   -2.4992041550E-01   -1.9681189965E-03   -2.4992041550E-01   -1.9681189965E-03
  13.62000   -2.4992041593E-01   -1.9651010382E-03   -2.4992041593E-01   -1.9651010382E-03
  13.63500   -2.4992041640E-01   -1.9620890479E-03   -2.4992041640E-01   -1.9620890479E-03
  13.65000   -2.4992041661E-01   -1.9590829121E-03   -2.4992041661E-01   -1.9590829121E-03
  13.66500   -2.4992041644E-01   -1.9560823471E-03   -2.4992041644E-01   -1.9560823471E-03
  13.68000   -2.4992041600E-01   -1.9530870585E-03   -2.4992041600E-01   -1.9530870585E-03
  13.69500   -2.4992041554E-01   -1.9500969065E-03   -2.4992041554E-01   -1.9500969065E-03
  13.71000   -2.4992041535E-01   -1.9471119781E-03   -2.4992041535E-01   -1.9471119781E-03
  13.72500   -2.4992041553E-01   -1.9441325236E-03   -2.4992041553E-01   -1.9441325236E-03
  13.74000   -2.4992041598E-01   -1.9411587949E-03   -2.4992041598E-01   -1.9411587949E-03
  13.75500   -2.4992041643E-01   -1.9381908834E-03   -2.4992041643E-01   -1.9381908834E-03
  13.77000   -2.4992041660E-01   -1.9352286545E-03   -2.4992041660E-01   -1.9352286545E-03
  13.78500   -2.4992041640E-01   -1.9322718177E-03   -2.4992041640E-01   -1.9322718177E-03
  13.80000   -2.4992041595E-01   -1.9293200903E-03   -2.4992041595E-01   -1.9293200903E-03
  13.81500   -2.4992041551E-01   -1.9263733561E-03   -2.4992041551E-01   -1.9263733561E-03
  13.83000   -2.4992041536E-01   -1.9234317240E-03   -2.4992041536E-01   -1.9234317240E-03
  13.84500   -2.4992041557E-01   -1.9204954515E-03   -2.4992041557E-01   -1.9204954515E-03
  13.86000   -2.4992041604E-01   -1.9175647792E-03   -2.4992041604E-01   -1.9175647792E-03
  13.87500   -2.4992041646E-01   -1.9146397760E-03   -2.4992041646E-01   -1.9146397760E-03
  13.89000   -2.4992041660E-01   -1.9117202870E-03   -2.4992041660E-01   -1.9117202870E-03
  13.90500   -2.4992041636E-01   -1.9088060169E-03   -2.4992041636E-01   -1.9088060169E-03
  13.92000   -2.4992041590E-01   -1.9058966963E-03   -2.4992041590E-01   -1.9058966963E-03
  13.93500   -2.4992041548E-01   -1.9029922331E-03   -2.4992041548E-01   -1.9029922331E-03
  13.95000   -2.4992041537E-01   -1.9000927567E-03   -2.4992041537E-01   -1.9000927567E-03
  13.96500   -2.4992041562E-01   -1.8971985300E-03   -2.4992041562E-01   -1.8971985300E-03
  13.98000   -2.4992041609E-01   -1.8943097805E-03   -2.4992041609E-01   -1.8943097805E-03
  13.99500   -2.4992041649E-01   -1.8914265543E-03   -2.4992041649E-01   -1.8914265543E-03
  14.01000   -2.4992041658E-01   -1.8885486777E-03   -2.4992041658E-01   -1.8885486777E-03
  14.02500   -2.4992041632E-01   -1.8856758523E-03   -2.4992041632E-01   -1.8856758523E-03
  14.04000   -2.4992041585E-01   -1.8828078236E-03   -2.4992041585E-01   -1.8828078236E-03
  14.05500   -2.4992041546E-01   -1.8799445234E-03   -2.4992041546E-01   -1.8799445234E-03
  14.07000   -2.4992041538E-01   -1.8770861008E-03   -2.4992041538E-01   -1.8770861008E-03
  14.08500   -2.4992041566E-01   -1.8742328217E-03   -2.4992041566E-01   -1.8742328217E-03
  14.10000   -2.4992041613E-01   -1.8713848994E-03   -2.4992041613E-01   -1.8713848994E-03
  14.11500   -2.4992041651E-01   -1.8685423568E-03   -2.4992041651E-01   -1.8685423568E-03
  14.13000   -2.4992041657E-01   -1.8657050028E-03   -2.4992041657E-01   -1.8657050028E-03
  14.14500   -2.4992041627E-01   -1.8628725378E-03   -2.4992041627E-01   -1.8628725378E-03
  14.16000   -2.4992041580E-01   -1.8600447235E-03   -2.4992041580E-01   -1.8600447235E-03
  14.17500   -2.4992041544E-01   -1.8572215160E-03   -2.4992041544E-01   -1.8572215160E-03
  14.19000   -2.4992041540E-01   -1.8544030820E-03   -2.4992041540E-01   -1.8544030820E-03
  14.20500   -2.4992041571E-01   -1.8515896889E-03   -2.4992041571E-01   -1.8515896889E-03
  14.22000   -2.4992041618E-01   -1.8487815344E-03   -2.4992041618E-01   -1.8487815344E-03
  14.23500   -2.4992041653E-01   -1.8459786182E-03   -2.4992041653E-01   -1.8459786182E-03
  14.25000   -2.4992041655E-01   -1.8431807333E-03   -2.4992041655E-01   -1.8431807333E-03
  14.26500   -2.4992041622E-01   -1.8403875806E-03   -2.4992041622E-01   -1.8403875806E-03
  14.28000   -2.4992041575E-01   -1.8375989394E-03   -2.4992041575E-01   -1.8375989394E-03
  14.29500   -2.4992041542E-01   -1.8348147897E-03   -2.4992041542E-01   -1.8348147897E-03
  14.31000   -2.4992041542E-01   -1.8320353147E-03   -2.4992041542E-01   -1.8320353147E-03
  14.32500   -2.4992041576E-01   -1.8292607812E-03   -2.4992041576E-01   -1.8292607812E-03
  14.34000   -2.4992041623E-01   -1.8264913697E-03   -2.4992041623E-01   -1.8264913697E-03
  14.35500   -2.4992041655E-01   -1.8237270575E-03   -2.4992041655E-01   -1.8237270575E-03
  14.37000   -2.4992041652E-01   -1.8209676227E-03   -2.4992041652E-01   -1.8209676227E-03
  14.38500   -2.4992041618E-01   -1.8182127690E-03   -2.4992041618E-01   -1.8182127690E-03
  14.40000   -2.4992041571E-01   -1.8154622940E-03   -2.4992041571E-01   -1.8154622940E-03
  14.41500   -2.4992041540E-01   -1.8127162016E-03   -2.4992041540E-01   -1.8127162016E-03
  14.43000   -2.4992041544E-01   -1.8099746898E-03   -2.4992041544E-01   -1.8099746898E-03
  14.44500   -2.4992041581E-01   -1.8072380228E-03   -2.4992041581E-01   -1.8072380228E-03
  14.46000   -2.4992041627E-01   -1.8045063632E-03   -2.4992041627E-01   -1.8045063632E-03
  14.47500   -2.4992041656E-01   -1.8017796657E-03   -2.4992041656E-01   -1.8017796657E-03
  14.49000   -2.4992041650E-01   -1.7990576955E-03   -2.4992041650E-01   -1.7990576955E-03
  14.50500   -2.4992041613E-01   -1.7963401606E-03   -2.4992041613E-01   -1.7963401606E-03
  14.52000   -2.4992041567E-01   -1.7936268782E-03   -2.4992041567E-01   -1.7936268782E-03
  14.53500   -2.4992041540E-01   -1.7909178753E-03   -2.4992041540E-01   -1.7909178753E-03
  14.55000   -2.4992041547E-01   -1.7882133633E-03   -2.4992041547E-01   -1.7882133633E-03
  14.56500   -2.4992041585E-01   -1.7855136020E-03   -2.4992041585E-01   -1.7855136020E-03
  14.58000   -2.4992041631E-01   -1.7828187350E-03   -2.4992041631E-01   -1.7828187350E-03
  14.59500   -2.4992041656E-01   -1.7801286949E-03   -2.4992041656E-01   -1.7801286949E-03
  14.61000   -2.4992041647E-01   -1.7774432355E-03   -2.4992041647E-01   -1.7774432355E-03
  14.62500   -2.4992041608E-01   -1.7747620712E-03   -2.4992041608E-01   -1.7747620712E-03
  14.64000   -2.4992041563E-01   -1.7720850395E-03   -2.4992041563E-01   -1.7720850395E-03
  14.65500   -2.4992041539E-01   -1.7694121900E-03   -2.4992041539E-01   -1.7694121900E-03
  14.67000   -2.4992041550E-01   -1.7667437456E-03   -2.4992041550E-01   -1.7667437456E-03
  14.68500   -2.4992041590E-01   -1.7640799599E-03   -2.4992041590E-01   -1.7640799599E-03
  14.70000   -2.4992041635E-01   -1.7614209567E-03   -2.4992041635E-01   -1.7614209567E-03
  14.71500   -2.4992041657E-01   -1.7587666473E-03   -2.4992041657E-01   -1.7587666473E-03
  14.73000   -2.4992041644E-01   -1.7561167758E-03   -2.4992041644E-01   -1.7561167758E-03
  14.74500   -2.4992041603E-01   -1.7534710645E-03   -2.4992041603E-01   -1.7534710645E-03
  14.76000   -2.4992041559E-01   -1.7508293721E-03   -2.4992041559E-01   -1.7508293721E-03
  14.77500   -2.4992041539E-01   -1.7481917699E-03   -2.4992041539E-01   -1.7481917699E-03
  14.79000   -2.4992041554E-01   -1.7455584906E-03   -2.4992041554E-01   -1.7455584906E-03
  14.80500   -2.4992041595E-01   -1.7429297799E-03   -2.4992041595E-01   -1.7429297799E-03
  14.82000   -2.4992041638E-01   -1.7403057413E-03   -2.4992041638E-01   -1.7403057413E-03
  14.83500   -2.4992041657E-01   -1.7376862653E-03   -2.4992041657E-01   -1.7376862653E-03
  14.85000   -2.4992041640E-01   -1.7350710882E-03   -2.4992041640E-01   -1.7350710882E-03
  14.86500   -2.4992041598E-01   -1.7324599418E-03   -2.4992041598E-01   -1.7324599418E-03
  14.88000   -2.4992041556E-01   -1.7298527064E-03   -2.4992041556E-01   -1.7298527064E-03
  14.89500   -2.4992041539E-01   -1.7272494743E-03   -2.4992041539E-01   -1.7272494743E-03
  14.91000   -2.4992041557E-01   -1.7246504863E-03   -2.4992041557E-01   -1.7246504863E-03
  14.92500   -2.4992041600E-01   -1.7220559786E-03   -2.4992041600E-01   -1.7220559786E-03
  14.94000   -2.4992041641E-01   -1.7194660334E-03   -2.4992041641E-01   -1.7194660334E-03
  14.95500   -2.4992041656E-01   -1.7168805218E-03   -2.4992041656E-01   -1.7168805218E-03
  14.97000   -2.4992041636E-01   -1.7142991738E-03   -2.4992041636E-01   -1.7142991738E-03
  14.98500   -2.4992041593E-01   -1.7117217323E-03   -2.4992041593E-01   -1.7117217323E-03
  15.00000   -2.4992041553E-01   -1.7091480998E-03   -2.4992041553E-01   -1.7091480998E-03
