! Hamiltonian part (unit: cm-1)
number of states         7
  (12410.0, 0.0)    (  -87.7, 0.0)    (    5.5, 0.0)   (   -5.9, 0.0)   (    6.7, 0.0)    (  -13.7, 0.0)    (   -9.9, 0.0)
  (  -87.7, 0.0)    (12530.0, 0.0)    (   30.8, 0.0)   (    8.2, 0.0)   (    0.7, 0.0)    (   11.8, 0.0)    (    4.3, 0.0)
  (    5.5, 0.0)    (   30.8, 0.0)    (12210.0, 0.0)   (  -53.5, 0.0)   (   -2.2, 0.0)    (   -9.6, 0.0)    (    6.0, 0.0)
  (   -5.9, 0.0)    (    8.2, 0.0)    (  -53.5, 0.0)   (12320.0, 0.0)   (  -70.7, 0.0)    (  -17.0, 0.0)    (  -63.3, 0.0)
  (    6.7, 0.0)    (    0.7, 0.0)    (   -2.2, 0.0)   (  -70.7, 0.0)   (12480.0, 0.0)    (   81.1, 0.0)    (   -1.3, 0.0)
  (  -13.7, 0.0)    (   11.8, 0.0)    (   -9.6, 0.0)   (  -17.0, 0.0)   (   81.1, 0.0)    (12630.0, 0.0)    (   39.7, 0.0)
  (   -9.9, 0.0)    (    4.3, 0.0)    (    6.0, 0.0)   (  -63.3, 0.0)   (   -1.3, 0.0)    (   39.7, 0.0)    (12440.0, 0.0)
! spectral density part
number of modes          800
eta / cm-1               35.0
omega_c / fs-1           0.020
temperature / K          300.0
! time evolution part
time steps               1000
total time / fs          1000
trajectory               50000
initial state            (1.00, 0.00)  (0.00, 0.00)  (0.00, 0.00)  (0.00, 0.00)  (0.00, 0.00)  (0.00, 0.00)  (0.00, 0.00)