     0.0000000     0.0000000
     1.6678205     0.0000200
     3.3356410     0.0000461
     5.0034615     0.0000568
     6.6712819     0.0000476
     8.3391024     0.0000400
    10.0069229     0.0000434
    11.6747434     0.0000452
    13.3425639     0.0000380
    15.0103844     0.0000322
    16.6782048     0.0000354
    18.3460253     0.0000379
    20.0138458     0.0000289
    21.6816663     0.0000157
    23.3494868     0.0000131
    25.0173073     0.0000241
    26.6851277     0.0000406
    28.3529482     0.0000567
    30.0207687     0.0000698
    31.6885892     0.0000745
    33.3564097     0.0000685
    35.0242302     0.0000607
    36.6920506     0.0000622
    38.3598711     0.0000702
    40.0276916     0.0000721
    41.6955121     0.0000640
    43.3633326     0.0000527
    45.0311531     0.0000419
    46.6989735     0.0000316
    48.3667940     0.0000304
    50.0346145     0.0000487
    51.7024350     0.0000746
    53.3702555     0.0000787
    55.0380760     0.0000526
    56.7058964     0.0000255
    58.3737169     0.0000282
    60.0415374     0.0000556
    61.7093579     0.0000803
    63.3771784     0.0000874
    65.0449989     0.0000795
    66.7128193     0.0000605
    68.3806398     0.0000373
    70.0484603     0.0000273
    71.7162808     0.0000396
    73.3841013     0.0000549
    75.0519218     0.0000493
    76.7197422     0.0000307
    78.3875627     0.0000272
    80.0553832     0.0000415
    81.7232037     0.0000488
    83.3910242     0.0000393
    85.0588447     0.0000329
    86.7266651     0.0000432
    88.3944856     0.0000556
    90.0623061     0.0000563
    91.7301266     0.0000560
    93.3979471     0.0000711
    95.0657676     0.0000958
    96.7335881     0.0001121
    98.4014085     0.0001118
   100.0692290     0.0000981
   101.7370495     0.0000761
   103.4048700     0.0000531
   105.0726905     0.0000381
   106.7405110     0.0000311
   108.4083314     0.0000250
   110.0761519     0.0000186
   111.7439724     0.0000173
   113.4117929     0.0000184
   115.0796134     0.0000143
   116.7474339     0.0000095
   118.4152543     0.0000153
   120.0830748     0.0000250
   121.7508953     0.0000215
   123.4187158     0.0000111
   125.0865363     0.0000216
   126.7543568     0.0000555
   128.4221772     0.0000787
   130.0899977     0.0000679
   131.7578182     0.0000414
   133.4256387     0.0000257
   135.0934592     0.0000196
   136.7612797     0.0000112
   138.4291001     0.0000049
   140.0969206     0.0000098
   141.7647411     0.0000205
   143.4325616     0.0000296
   145.1003821     0.0000381
   146.7682026     0.0000416
   148.4360230     0.0000284
   150.1038435     0.0000081
   151.7716640     0.0000112
   153.4394845     0.0000467
   155.1073050     0.0000868
   156.7751255     0.0001129
   158.4429459     0.0001406
   160.1107664     0.0001764
   161.7785869     0.0001872
   163.4464074     0.0001476
   165.1142279     0.0000865
   166.7820484     0.0000499
   168.4498688     0.0000415
   170.1176893     0.0000354
   171.7855098     0.0000253
   173.4533303     0.0000232
   175.1211508     0.0000270
   176.7889713     0.0000238
   178.4567917     0.0000159
   180.1246122     0.0000172
   181.7924327     0.0000289
   183.4602532     0.0000395
   185.1280737     0.0000408
   186.7958942     0.0000355
   188.4637147     0.0000425
   190.1315351     0.0000876
   191.7993556     0.0001619
   193.4671761     0.0002027
   195.1349966     0.0001612
   196.8028171     0.0000799
   198.4706376     0.0000414
   200.1384580     0.0000498
   201.8062785     0.0000444
   203.4740990     0.0000213
   205.1419195     0.0000379
   206.8097400     0.0000863
   208.4775605     0.0000864
   210.1453809     0.0000353
   211.8132014     0.0000273
   213.4810219     0.0000810
   215.1488424     0.0001024
   216.8166629     0.0000870
   218.4844834     0.0001756
   220.1523038     0.0003977
   221.8201243     0.0005603
   223.4879448     0.0005525
   225.1557653     0.0005589
   226.8235858     0.0007449
   228.4914063     0.0009237
   230.1592267     0.0008333
   231.8270472     0.0005882
   233.4948677     0.0004992
   235.1626882     0.0005492
   236.8305087     0.0004644
   238.4983292     0.0002711
   240.1661496     0.0002993
   241.8339701     0.0005607
   243.5017906     0.0006376
   245.1696111     0.0004098
   246.8374316     0.0004033
   248.5052521     0.0010428
   250.1730725     0.0019356
   251.8408930     0.0023580
   253.5087135     0.0021974
   255.1765340     0.0019156
   256.8443545     0.0017346
   258.5121750     0.0014115
   260.1799954     0.0008324
   261.8478159     0.0003116
   263.5156364     0.0001288
   265.1834569     0.0001503
   266.8512774     0.0001214
   268.5190979     0.0000471
   270.1869183     0.0000602
   271.8547388     0.0001279
   273.5225593     0.0001249
   275.1903798     0.0000658
   276.8582003     0.0000603
   278.5260208     0.0001148
   280.1938412     0.0001454
   281.8616617     0.0001300
   283.5294822     0.0001146
   285.1973027     0.0001100
   286.8651232     0.0000940
   288.5329437     0.0000783
   290.2007642     0.0000841
   291.8685846     0.0000873
   293.5364051     0.0000630
   295.2042256     0.0000440
   296.8720461     0.0000632
   298.5398666     0.0000849
   300.2076871     0.0000622
   301.8755075     0.0000199
   303.5433280     0.0000097
   305.2111485     0.0000241
   306.8789690     0.0000232
   308.5467895     0.0000110
   310.2146100     0.0000164
   311.8824304     0.0000293
   313.5502509     0.0000224
   315.2180714     0.0000090
   316.8858919     0.0000189
   318.5537124     0.0000379
   320.2215329     0.0000317
   321.8893533     0.0000102
   323.5571738     0.0000089
   325.2249943     0.0000239
   326.8928148     0.0000224
   328.5606353     0.0000045
   330.2284558    -0.0000001
   331.8962762     0.0000120
   333.5640967     0.0000161
   335.2319172     0.0000075
   336.8997377     0.0000050
   338.5675582     0.0000110
   340.2353787     0.0000094
   341.9031991     0.0000017
   343.5710196     0.0000051
   345.2388401     0.0000167
   346.9066606     0.0000173
   348.5744811     0.0000076
   350.2423016     0.0000071
   351.9101220     0.0000178
   353.5779425     0.0000218
   355.2457630     0.0000153
   356.9135835     0.0000126
   358.5814040     0.0000177
   360.2492245     0.0000192
   361.9170449     0.0000147
   363.5848654     0.0000133
   365.2526859     0.0000141
   366.9205064     0.0000080
   368.5883269    -0.0000006
   370.2561474     0.0000016
   371.9239678     0.0000114
   373.5917883     0.0000130
   375.2596088     0.0000062
   376.9274293     0.0000055
   378.5952498     0.0000124
   380.2630703     0.0000142
   381.9308908     0.0000107
   383.5987112     0.0000155
   385.2665317     0.0000282
   386.9343522     0.0000309
   388.6021727     0.0000196
   390.2699932     0.0000117
   391.9378137     0.0000172
   393.6056341     0.0000246
   395.2734546     0.0000254
   396.9412751     0.0000286
   398.6090956     0.0000393
   400.2769161     0.0000451
   401.9447366     0.0000385
   403.6125570     0.0000335
   405.2803775     0.0000415
   406.9481980     0.0000513
   408.6160185     0.0000492
   410.2838390     0.0000463
   411.9516595     0.0000593
   413.6194799     0.0000782
   415.2873004     0.0000770
   416.9551209     0.0000543
   418.6229414     0.0000359
   420.2907619     0.0000360
   421.9585824     0.0000390
   423.6264028     0.0000283
   425.2942233     0.0000116
   426.9620438     0.0000051
   428.6298643     0.0000084
   430.2976848     0.0000103
   431.9655053     0.0000087
   433.6333257     0.0000104
   435.3011462     0.0000154
   436.9689667     0.0000168
   438.6367872     0.0000133
   440.3046077     0.0000099
   441.9724282     0.0000085
   443.6402486     0.0000073
   445.3080691     0.0000068
   446.9758896     0.0000097
   448.6437101     0.0000135
   450.3115306     0.0000138
   451.9793511     0.0000115
   453.6471715     0.0000099
   455.3149920     0.0000087
   456.9828125     0.0000077
   458.6506330     0.0000104
   460.3184535     0.0000168
   461.9862740     0.0000185
   463.6540944     0.0000110
   465.3219149     0.0000038
   466.9897354     0.0000060
   468.6575559     0.0000111
   470.3253764     0.0000089
   471.9931969     0.0000046
   473.6610174     0.0000083
   475.3288378     0.0000150
   476.9966583     0.0000139
   478.6644788     0.0000102
   480.3322993     0.0000162
   482.0001198     0.0000259
   483.6679403     0.0000233
   485.3357607     0.0000117
   487.0035812     0.0000093
   488.6714017     0.0000172
   490.3392222     0.0000184
   492.0070427     0.0000097
   493.6748632     0.0000061
   495.3426836     0.0000111
   497.0105041     0.0000114
   498.6783246     0.0000046
   500.3461451     0.0000040
   502.0139656     0.0000110
   503.6817861     0.0000103
   505.3496065     0.0000009
   507.0174270     0.0000001
   508.6852475     0.0000101
   510.3530680     0.0000121
   512.0208885     0.0000017
   513.6887090    -0.0000019
   515.3565294     0.0000070
   517.0243499     0.0000101
   518.6921704     0.0000013
   520.3599909    -0.0000008
   522.0278114     0.0000099
   523.6956319     0.0000128
   525.3634523     0.0000012
   527.0312728    -0.0000020
   528.6990933     0.0000127
   530.3669138     0.0000211
   532.0347343     0.0000111
   533.7025548     0.0000064
   535.3703752     0.0000202
   537.0381957     0.0000284
   538.7060162     0.0000171
   540.3738367     0.0000124
   542.0416572     0.0000298
   543.7094777     0.0000390
   545.3772981     0.0000196
   547.0451186     0.0000051
   548.7129391     0.0000250
   550.3807596     0.0000482
   552.0485801     0.0000392
   553.7164006     0.0000243
   555.3842210     0.0000414
   557.0520415     0.0000661
   558.7198620     0.0000626
   560.3876825     0.0000641
   562.0555030     0.0001139
   563.7233235     0.0001622
   565.3911440     0.0001314
   567.0589644     0.0000653
   568.7267849     0.0000815
   570.3946054     0.0001670
   572.0624259     0.0001755
   573.7302464     0.0000882
   575.3980669     0.0001139
   577.0658873     0.0003940
   578.7337078     0.0007198
   580.4015283     0.0007389
   582.0693488     0.0004135
   583.7371693     0.0000793
   585.4049898     0.0000127
   587.0728102     0.0001207
   588.7406307     0.0001586
   590.4084512     0.0000918
   592.0762717     0.0000694
   593.7440922     0.0001290
   595.4119127     0.0001422
   597.0797331     0.0000558
   598.7475536    -0.0000079
   600.4153741     0.0000438
   602.0831946     0.0001281
   603.7510151     0.0001378
   605.4188356     0.0001063
   607.0866560     0.0001073
   608.7544765     0.0001041
   610.4222970     0.0000381
   612.0901175    -0.0000219
   613.7579380     0.0000301
   615.4257585     0.0001547
   617.0935789     0.0002242
   618.7613994     0.0002134
   620.4292199     0.0001844
   622.0970404     0.0001414
   623.7648609     0.0000703
   625.4326814     0.0000604
   627.1005018     0.0001788
   628.7683223     0.0002777
   630.4361428     0.0001828
   632.1039633     0.0000344
   633.7717838     0.0001277
   635.4396043     0.0004073
   637.1074247     0.0005141
   638.7752452     0.0004303
   640.4430657     0.0006151
   642.1108862     0.0012318
   643.7787067     0.0016797
   645.4465272     0.0013442
   647.1143476     0.0005118
   648.7821681     0.0000094
   650.4499886     0.0000945
   652.1178091     0.0002679
   653.7856296     0.0001575
   655.4534501    -0.0000060
   657.1212706     0.0000650
   658.7890910     0.0002170
   660.4569115     0.0001857
   662.1247320     0.0000475
   663.7925525     0.0000238
   665.4603730     0.0000922
   667.1281935     0.0000946
   668.7960139     0.0000470
   670.4638344     0.0000651
   672.1316549     0.0001128
   673.7994754     0.0000771
   675.4672959    -0.0000009
   677.1351164     0.0000021
   678.8029368     0.0000664
   680.4707573     0.0000768
   682.1385778     0.0000332
   683.8063983     0.0000250
   685.4742188     0.0000504
   687.1420393     0.0000364
   688.8098597    -0.0000027
   690.4776802     0.0000062
   692.1455007     0.0000460
   693.8133212     0.0000398
   695.4811417    -0.0000007
   697.1489622    -0.0000007
   698.8167826     0.0000327
   700.4846031     0.0000314
   702.1524236     0.0000037
   703.8202441     0.0000157
   705.4880646     0.0000586
   707.1558851     0.0000658
   708.8237055     0.0000411
   710.4915260     0.0000439
   712.1593465     0.0000658
   713.8271670     0.0000498
   715.4949875     0.0000133
   717.1628080     0.0000278
   718.8306284     0.0000880
   720.4984489     0.0001215
   722.1662694     0.0001155
   723.8340899     0.0001192
   725.5019104     0.0001348
   727.1697309     0.0001278
   728.8375513     0.0001275
   730.5053718     0.0001902
   732.1731923     0.0002743
   733.8410128     0.0002852
   735.5088333     0.0002366
   737.1766538     0.0002279
   738.8444742     0.0002624
   740.5122947     0.0002350
   742.1801152     0.0001224
   743.8479357     0.0000324
   745.5157562     0.0000287
   747.1835767     0.0000441
   748.8513971     0.0000205
   750.5192176     0.0000026
   752.1870381     0.0000307
   753.8548586     0.0000548
   755.5226791     0.0000313
   757.1904996     0.0000036
   758.8583201     0.0000161
   760.5261405     0.0000347
   762.1939610     0.0000199
   763.8617815     0.0000025
   765.5296020     0.0000173
   767.1974225     0.0000339
   768.8652430     0.0000183
   770.5330634    -0.0000021
   772.2008839     0.0000063
   773.8687044     0.0000205
   775.5365249     0.0000110
   777.2043454    -0.0000006
   778.8721659     0.0000105
   780.5399863     0.0000215
   782.2078068     0.0000086
   783.8756273    -0.0000044
   785.5434478     0.0000064
   787.2112683     0.0000182
   788.8790888     0.0000076
   790.5469092    -0.0000030
   792.2147297     0.0000081
   793.8825502     0.0000183
   795.5503707     0.0000059
   797.2181912    -0.0000058
   798.8860117     0.0000057
   800.5538321     0.0000179
   802.2216526     0.0000083
   803.8894731    -0.0000013
   805.5572936     0.0000112
   807.2251141     0.0000237
   808.8929346     0.0000129
   810.5607550    -0.0000010
   812.2285755     0.0000058
   813.8963960     0.0000158
   815.5642165     0.0000066
   817.2320370    -0.0000046
   818.8998575     0.0000041
   820.5676779     0.0000162
   822.2354984     0.0000102
   823.9033189     0.0000007
   825.5711394     0.0000070
   827.2389599     0.0000151
   828.9067804     0.0000083
   830.5746008     0.0000017
   832.2424213     0.0000108
   833.9102418     0.0000181
   835.5780623     0.0000079
   837.2458828    -0.0000008
   838.9137033     0.0000091
   840.5815237     0.0000188
   842.2493442     0.0000108
   843.9171647     0.0000031
   845.5849852     0.0000129
   847.2528057     0.0000210
   848.9206262     0.0000089
   850.5884467    -0.0000037
   852.2562671     0.0000039
   853.9240876     0.0000141
   855.5919081     0.0000064
   857.2597286    -0.0000034
   858.9275491     0.0000044
   860.5953696     0.0000147
   862.2631900     0.0000089
   863.9310105     0.0000021
   865.5988310     0.0000110
   867.2666515     0.0000182
   868.9344720     0.0000069
   870.6022925    -0.0000032
   872.2701129     0.0000070
   873.9379334     0.0000181
   875.6057539     0.0000085
   877.2735744    -0.0000037
   878.9413949     0.0000042
   880.6092154     0.0000155
   882.2770358     0.0000073
   883.9448563    -0.0000053
   885.6126768     0.0000007
   887.2804973     0.0000110
   888.9483178     0.0000041
   890.6161383    -0.0000055
   892.2839587     0.0000035
   893.9517792     0.0000154
   895.6195997     0.0000077
   897.2874202    -0.0000034
   898.9552407     0.0000067
   900.6230612     0.0000222
   902.2908816     0.0000159
   903.9587021     0.0000002
   905.6265226     0.0000026
   907.2943431     0.0000143
   908.9621636     0.0000101
   910.6299841    -0.0000024
   912.2978045     0.0000005
   913.9656250     0.0000111
   915.6334455     0.0000068
   917.3012660    -0.0000044
   918.9690865    -0.0000005
   920.6369070     0.0000105
   922.3047274     0.0000061
   923.9725479    -0.0000057
   925.6403684    -0.0000015
   927.3081889     0.0000119
   928.9760094     0.0000114
   930.6438299     0.0000014
   932.3116503     0.0000032
   933.9794708     0.0000124
   935.6472913     0.0000100
   937.3151118     0.0000009
   938.9829323     0.0000030
   940.6507528     0.0000102
   942.3185733     0.0000054
   943.9863937    -0.0000037
   945.6542142     0.0000006
   947.3220347     0.0000098
   948.9898552     0.0000050
   950.6576757    -0.0000050
   952.3254962    -0.0000008
   953.9933166     0.0000097
   955.6611371     0.0000069
   957.3289576    -0.0000022
   958.9967781     0.0000012
   960.6645986     0.0000103
   962.3324191     0.0000083
   964.0002395     0.0000034
   965.6680600     0.0000113
   967.3358805     0.0000202
   969.0037010     0.0000110
   970.6715215    -0.0000032
   972.3393420     0.0000001
   974.0071624     0.0000110
   975.6749829     0.0000064
   977.3428034    -0.0000049
   979.0106239    -0.0000004
   980.6784444     0.0000116
   982.3462649     0.0000089
   984.0140853    -0.0000012
   985.6819058     0.0000033
   987.3497263     0.0000143
   989.0175468     0.0000096
   990.6853673    -0.0000022
   992.3531878     0.0000022
   994.0210082     0.0000150
   995.6888287     0.0000121
   997.3566492     0.0000001
   999.0244697     0.0000029
  1000.6922902     0.0000145
  1002.3601107     0.0000105
  1004.0279311    -0.0000031
  1005.6957516    -0.0000012
  1007.3635721     0.0000117
  1009.0313926     0.0000105
  1010.6992131    -0.0000019
  1012.3670336    -0.0000016
  1014.0348540     0.0000088
  1015.7026745     0.0000065
  1017.3704950    -0.0000048
  1019.0383155    -0.0000009
  1020.7061360     0.0000145
  1022.3739565     0.0000158
  1024.0417769     0.0000031
  1025.7095974     0.0000008
  1027.3774179     0.0000111
  1029.0452384     0.0000127
  1030.7130589     0.0000037
  1032.3808794     0.0000028
  1034.0486999     0.0000104
  1035.7165203     0.0000094
  1037.3843408     0.0000018
  1039.0521613     0.0000046
  1040.7199818     0.0000131
  1042.3878023     0.0000088
  1044.0556228    -0.0000032
  1045.7234432    -0.0000022
  1047.3912637     0.0000084
  1049.0590842     0.0000075
  1050.7269047    -0.0000023
  1052.3947252    -0.0000010
  1054.0625457     0.0000093
  1055.7303661     0.0000092
  1057.3981866     0.0000018
  1059.0660071     0.0000052
  1060.7338276     0.0000146
  1062.4016481     0.0000114
  1064.0694686     0.0000013
  1065.7372890     0.0000045
  1067.4051095     0.0000147
  1069.0729300     0.0000110
  1070.7407505    -0.0000006
  1072.4085710     0.0000018
  1074.0763915     0.0000126
  1075.7442119     0.0000090
  1077.4120324    -0.0000040
  1079.0798529    -0.0000028
  1080.7476734     0.0000088
  1082.4154939     0.0000084
  1084.0833144    -0.0000002
  1085.7511348     0.0000040
  1087.4189553     0.0000157
  1089.0867758     0.0000129
  1090.7545963     0.0000028
  1092.4224168     0.0000093
  1094.0902373     0.0000247
  1095.7580577     0.0000215
  1097.4258782     0.0000043
  1099.0936987     0.0000024
  1100.7615192     0.0000156
  1102.4293397     0.0000168
  1104.0971602     0.0000045
  1105.7649806     0.0000023
  1107.4328011     0.0000110
  1109.1006216     0.0000089
  1110.7684421    -0.0000022
  1112.4362626     0.0000000
  1114.1040831     0.0000124
  1115.7719035     0.0000107
  1117.4397240    -0.0000021
  1119.1075445     0.0000001
  1120.7753650     0.0000160
  1122.4431855     0.0000196
  1124.1110060     0.0000113
  1125.7788265     0.0000172
  1127.4466469     0.0000380
  1129.1144674     0.0000449
  1130.7822879     0.0000315
  1132.4501084     0.0000222
  1134.1179289     0.0000258
  1135.7857494     0.0000250
  1137.4535698     0.0000151
  1139.1213903     0.0000124
  1140.7892108     0.0000186
  1142.4570313     0.0000173
  1144.1248518     0.0000084
  1145.7926723     0.0000101
  1147.4604927     0.0000245
  1149.1283132     0.0000327
  1150.7961337     0.0000274
  1152.4639542     0.0000218
  1154.1317747     0.0000272
  1155.7995952     0.0000437
  1157.4674156     0.0000662
  1159.1352361     0.0000811
  1160.8030566     0.0000708
  1162.4708771     0.0000418
  1164.1386976     0.0000242
  1165.8065181     0.0000285
  1167.4743385     0.0000314
  1169.1421590     0.0000219
  1170.8099795     0.0000200
  1172.4778000     0.0000309
  1174.1456205     0.0000301
  1175.8134410     0.0000156
  1177.4812614     0.0000178
  1179.1490819     0.0000344
  1180.8169024     0.0000263
  1182.4847229     0.0000081
  1184.1525434     0.0000497
  1185.8203639     0.0001529
  1187.4881843     0.0002396
  1189.1560048     0.0003152
  1190.8238253     0.0004956
  1192.4916458     0.0007672
  1194.1594663     0.0008821
  1195.8272868     0.0006671
  1197.4951072     0.0003184
  1199.1629277     0.0001731
  1200.8307482     0.0002647
  1202.4985687     0.0003332
  1204.1663892     0.0002399
  1205.8342097     0.0001197
  1207.5020301     0.0001027
  1209.1698506     0.0001242
  1210.8376711     0.0000922
  1212.5054916     0.0000469
  1214.1733121     0.0000501
  1215.8411326     0.0000651
  1217.5089530     0.0000468
  1219.1767735     0.0000318
  1220.8445940     0.0000513
  1222.5124145     0.0000606
  1224.1802350     0.0000304
  1225.8480555     0.0000117
  1227.5158760     0.0000394
  1229.1836964     0.0000642
  1230.8515169     0.0000467
  1232.5193374     0.0000268
  1234.1871579     0.0000384
  1235.8549784     0.0000433
  1237.5227989     0.0000138
  1239.1906193    -0.0000063
  1240.8584398     0.0000148
  1242.5262603     0.0000348
  1244.1940808     0.0000186
  1245.8619013     0.0000033
  1247.5297218     0.0000239
  1249.1975422     0.0000477
  1250.8653627     0.0000425
  1252.5331832     0.0000355
  1254.2010037     0.0000539
  1255.8688242     0.0000748
  1257.5366447     0.0000820
  1259.2044651     0.0001011
  1260.8722856     0.0001337
  1262.5401061     0.0001349
  1264.2079266     0.0000978
  1265.8757471     0.0000840
  1267.5435676     0.0001208
  1269.2113880     0.0001506
  1270.8792085     0.0001276
  1272.5470290     0.0000869
  1274.2148495     0.0000692
  1275.8826700     0.0000579
  1277.5504905     0.0000378
  1279.2183109     0.0000385
  1280.8861314     0.0000675
  1282.5539519     0.0000787
  1284.2217724     0.0000548
  1285.8895929     0.0000425
  1287.5574134     0.0000610
  1289.2252338     0.0000620
  1290.8930543     0.0000266
  1292.5608748     0.0000110
  1294.2286953     0.0000434
  1295.8965158     0.0000658
  1297.5643363     0.0000373
  1299.2321567     0.0000073
  1300.8999772     0.0000202
  1302.5677977     0.0000373
  1304.2356182     0.0000197
  1305.9034387     0.0000044
  1307.5712592     0.0000261
  1309.2390796     0.0000442
  1310.9069001     0.0000224
  1312.5747206     0.0000037
  1314.2425411     0.0000313
  1315.9103616     0.0000682
  1317.5781821     0.0000694
  1319.2460026     0.0000603
  1320.9138230     0.0000726
  1322.5816435     0.0000733
  1324.2494640     0.0000348
  1325.9172845     0.0000046
  1327.5851050     0.0000259
  1329.2529255     0.0000553
  1330.9207459     0.0000404
  1332.5885664     0.0000126
  1334.2563869     0.0000217
  1335.9242074     0.0000408
  1337.5920279     0.0000283
  1339.2598484     0.0000222
  1340.9276688     0.0000747
  1342.5954893     0.0001389
  1344.2633098     0.0001276
  1345.9311303     0.0000627
  1347.5989508     0.0000624
  1349.2667713     0.0001730
  1350.9345917     0.0002962
  1352.6024122     0.0003108
  1354.2702327     0.0002196
  1355.9380532     0.0001438
  1357.6058737     0.0001777
  1359.2736942     0.0002716
  1360.9415146     0.0002889
  1362.6093351     0.0001909
  1364.2771556     0.0001026
  1365.9449761     0.0001355
  1367.6127966     0.0002141
  1369.2806171     0.0001964
  1370.9484375     0.0001147
  1372.6162580     0.0001286
  1374.2840785     0.0002459
  1375.9518990     0.0002987
  1377.6197195     0.0002611
  1379.2875400     0.0003791
  1380.9553604     0.0008231
  1382.6231809     0.0013676
  1384.2910014     0.0016230
  1385.9588219     0.0015277
  1387.6266424     0.0014113
  1389.2944629     0.0015589
  1390.9622833     0.0018696
  1392.6301038     0.0020051
  1394.2979243     0.0017780
  1395.9657448     0.0013179
  1397.6335653     0.0009038
  1399.3013858     0.0007063
  1400.9692062     0.0007039
  1402.6370267     0.0007823
  1404.3048472     0.0008403
  1405.9726677     0.0008080
  1407.6404882     0.0006637
  1409.3083087     0.0004926
  1410.9761292     0.0004481
  1412.6439496     0.0005673
  1414.3117701     0.0006889
  1415.9795906     0.0006502
  1417.6474111     0.0004986
  1419.3152316     0.0003894
  1420.9830521     0.0003438
  1422.6508725     0.0002676
  1424.3186930     0.0001634
  1425.9865135     0.0001340
  1427.6543340     0.0001806
  1429.3221545     0.0001851
  1430.9899750     0.0001134
  1432.6577954     0.0000642
  1434.3256159     0.0000834
  1435.9934364     0.0000991
  1437.6612569     0.0000782
  1439.3290774     0.0000810
  1440.9968979     0.0001171
  1442.6647183     0.0001098
  1444.3325388     0.0000509
  1446.0003593     0.0000325
  1447.6681798     0.0000772
  1449.3360003     0.0000953
  1451.0038208     0.0000578
  1452.6716412     0.0000479
  1454.3394617     0.0000931
  1456.0072822     0.0001129
  1457.6751027     0.0000857
  1459.3429232     0.0000959
  1461.0107437     0.0001624
  1462.6785641     0.0001923
  1464.3463846     0.0001642
  1466.0142051     0.0001814
  1467.6820256     0.0002813
  1469.3498461     0.0003623
  1471.0176666     0.0003557
  1472.6854870     0.0003060
  1474.3533075     0.0002571
  1476.0211280     0.0002399
  1477.6889485     0.0003643
  1479.3567690     0.0006770
  1481.0245895     0.0009241
  1482.6924099     0.0007717
  1484.3602304     0.0003225
  1486.0280509     0.0000741
  1487.6958714     0.0002461
  1489.3636919     0.0004971
  1491.0315124     0.0004753
  1492.6993328     0.0002953
  1494.3671533     0.0002304
  1496.0349738     0.0002559
  1497.7027943     0.0002034
  1499.3706148     0.0001137
  1501.0384353     0.0001170
  1502.7062558     0.0001516
  1504.3740762     0.0000980
  1506.0418967     0.0000349
  1507.7097172     0.0000885
  1509.3775377     0.0001718
  1511.0453582     0.0001372
  1512.7131787     0.0000493
  1514.3809991     0.0000546
  1516.0488196     0.0001094
  1517.7166401     0.0000849
  1519.3844606     0.0000214
  1521.0522811     0.0000332
  1522.7201016     0.0000770
  1524.3879220     0.0000478
  1526.0557425    -0.0000044
  1527.7235630     0.0000217
  1529.3913835     0.0000713
  1531.0592040     0.0000448
  1532.7270245     0.0000012
  1534.3948449     0.0000374
  1536.0626654     0.0000875
  1537.7304859     0.0000514
  1539.3983064    -0.0000004
  1541.0661269     0.0000353
  1542.7339474     0.0000863
  1544.4017678     0.0000455
  1546.0695883    -0.0000121
  1547.7374088     0.0000262
  1549.4052293     0.0000874
  1551.0730498     0.0000544
  1552.7408703    -0.0000054
  1554.4086907     0.0000226
  1556.0765112     0.0000732
  1557.7443317     0.0000369
  1559.4121522    -0.0000175
  1561.0799727     0.0000174
  1562.7477932     0.0000676
  1564.4156136     0.0000265
  1566.0834341    -0.0000235
  1567.7512546     0.0000289
  1569.4190751     0.0000964
  1571.0868956     0.0000609
  1572.7547161     0.0000108
  1574.4225365     0.0000672
  1576.0903570     0.0001365
  1577.7581775     0.0000896
  1579.4259980     0.0000189
  1581.0938185     0.0000593
  1582.7616390     0.0001216
  1584.4294594     0.0000707
  1586.0972799    -0.0000049
  1587.7651004     0.0000288
  1589.4329209     0.0000829
  1591.1007414     0.0000307
  1592.7685619    -0.0000264
  1594.4363823     0.0000379
  1596.1042028     0.0001040
  1597.7720233     0.0000363
  1599.4398438    -0.0000270
  1601.1076643     0.0000742
  1602.7754848     0.0001983
  1604.4433053     0.0001584
  1606.1111257     0.0000771
  1607.7789462     0.0001360
  1609.4467667     0.0002115
  1611.1145872     0.0001380
  1612.7824077     0.0000855
  1614.4502282     0.0002549
  1616.1180486     0.0004376
  1617.7858691     0.0003359
  1619.4536896     0.0001046
  1621.1215101     0.0000917
  1622.7893306     0.0002412
  1624.4571511     0.0002567
  1626.1249715     0.0001711
  1627.7927920     0.0002291
  1629.4606125     0.0003728
  1631.1284330     0.0003872
  1632.7962535     0.0003997
  1634.4640740     0.0006594
  1636.1318944     0.0009513
  1637.7997149     0.0008369
  1639.4675354     0.0004009
  1641.1353559     0.0001527
  1642.8031764     0.0002336
  1644.4709969     0.0003149
  1646.1388173     0.0002493
  1647.8066378     0.0002244
  1649.4744583     0.0002647
  1651.1422788     0.0001714
  1652.8100993    -0.0000108
  1654.4779198    -0.0000195
  1656.1457402     0.0001121
  1657.8135607     0.0001013
  1659.4813812    -0.0000344
  1661.1492017    -0.0000141
  1662.8170222     0.0001416
  1664.4848427     0.0001435
  1666.1526631     0.0000063
  1667.8204836     0.0000166
  1669.4883041     0.0001606
  1671.1561246     0.0001669
  1672.8239451     0.0000701
  1674.4917656     0.0001279
  1676.1595860     0.0002486
  1677.8274065     0.0001405
  1679.4952270    -0.0000553
  1681.1630475     0.0000290
  1682.8308680     0.0002501
  1684.4986885     0.0001723
  1686.1665089    -0.0000826
  1687.8343294    -0.0000253
  1689.5021499     0.0002513
  1691.1699704     0.0002158
  1692.8377909    -0.0000686
  1694.5056114    -0.0000272
  1696.1734319     0.0003278
  1697.8412523     0.0004183
  1699.5090728     0.0002361
  1701.1768933     0.0003451
  1702.8447138     0.0006885
  1704.5125343     0.0006040
  1706.1803548     0.0001609
  1707.8481752     0.0001847
  1709.5159957     0.0007378
  1711.1838162     0.0009488
  1712.8516367     0.0006319
  1714.5194572     0.0005857
  1716.1872777     0.0009212
  1717.8550981     0.0007534
  1719.5229186     0.0000648
  1721.1907391     0.0000403
  1722.8585596     0.0008413
  1724.5263801     0.0010677
  1726.1942006     0.0003921
  1727.8620210     0.0004304
  1729.5298415     0.0016126
  1731.1976620     0.0018492
  1732.8654825     0.0005546
  1734.5333030     0.0012666
  1736.2011235     0.0066976
  1737.8689439     0.0130601
  1739.5367644     0.0137745
  1741.2045849     0.0083519
  1742.8724054     0.0031119
  1744.5402259     0.0024923
  1746.2080464     0.0040219
  1747.8758668     0.0035730
  1749.5436873     0.0015264
  1751.2115078     0.0007586
  1752.8793283     0.0014397
  1754.5471488     0.0014446
  1756.2149693     0.0004176
  1757.8827897     0.0000076
  1759.5506102     0.0006142
  1761.2184307     0.0008621
  1762.8862512     0.0003162
  1764.5540717     0.0001899
  1766.2218922     0.0010053
  1767.8897126     0.0016922
  1769.5575331     0.0015580
  1771.2253536     0.0013079
  1772.8931741     0.0014440
  1774.5609946     0.0013044
  1776.2288151     0.0005126
  1777.8966355    -0.0000707
  1779.5644560     0.0001982
  1781.2322765     0.0005837
  1782.9000970     0.0003003
  1784.5679175    -0.0001026
  1786.2357380     0.0001532
  1787.9035585     0.0005716
  1789.5713789     0.0003506
  1791.2391994     0.0000497
  1792.9070199     0.0006941
  1794.5748404     0.0017349
  1796.2426609     0.0017199
  1797.9104814     0.0008504
  1799.5783018     0.0008887
  1801.2461223     0.0022022
  1802.9139428     0.0029934
  1804.5817633     0.0024117
  1806.2495838     0.0024087
  1807.9174043     0.0048033
  1809.5852247     0.0080108
  1811.2530452     0.0088706
  1812.9208657     0.0069181
  1814.5886862     0.0046017
  1816.2565067     0.0036257
  1817.9243272     0.0034322
  1819.5921476     0.0034111
  1821.2599681     0.0041218
  1822.9277886     0.0055132
  1824.5956091     0.0061611
  1826.2634296     0.0055765
  1827.9312501     0.0054168
  1829.5990705     0.0068317
  1831.2668910     0.0081962
  1832.9347115     0.0073769
  1834.6025320     0.0050384
  1836.2703525     0.0035725
  1837.9381730     0.0035037
  1839.6059934     0.0032109
  1841.2738139     0.0019355
  1842.9416344     0.0008131
  1844.6094549     0.0006570
  1846.2772754     0.0007235
  1847.9450959     0.0003079
  1849.6129163    -0.0000796
  1851.2807368     0.0000884
  1852.9485573     0.0003306
  1854.6163778     0.0001595
  1856.2841983     0.0000056
  1857.9520188     0.0003094
  1859.6198392     0.0006227
  1861.2876597     0.0004367
  1862.9554802     0.0001189
  1864.6233007     0.0002161
  1866.2911212     0.0004855
  1867.9589417     0.0004115
  1869.6267621     0.0001395
  1871.2945826     0.0001285
  1872.9624031     0.0003079
  1874.6302236     0.0002966
  1876.2980441     0.0001228
  1877.9658646     0.0000780
  1879.6336851     0.0001317
  1881.3015055     0.0000659
  1882.9693260    -0.0000439
  1884.6371465     0.0000052
  1886.3049670     0.0001164
  1887.9727875     0.0000876
  1889.6406080     0.0000181
  1891.3084284     0.0001043
  1892.9762489     0.0002435
  1894.6440694     0.0002339
  1896.3118899     0.0001564
  1897.9797104     0.0001918
  1899.6475309     0.0002635
  1901.3153513     0.0002140
  1902.9831718     0.0001294
  1904.6509923     0.0001560
  1906.3188128     0.0001970
  1907.9866333     0.0001107
  1909.6544538     0.0000058
  1911.3222742     0.0000338
  1912.9900947     0.0000936
  1914.6579152     0.0000369
  1916.3257357    -0.0000386
  1917.9935562     0.0000091
  1919.6613767     0.0000846
  1921.3291971     0.0000530
  1922.9970176     0.0000096
  1924.6648381     0.0000745
  1926.3326586     0.0001359
  1928.0004791     0.0000721
  1929.6682996     0.0000080
  1931.3361200     0.0000758
  1933.0039405     0.0001443
  1934.6717610     0.0000682
  1936.3395815    -0.0000201
  1938.0074020     0.0000408
  1939.6752225     0.0001263
  1941.3430429     0.0000614
  1943.0108634    -0.0000451
  1944.6786839    -0.0000114
  1946.3465044     0.0000737
  1948.0143249     0.0000354
  1949.6821454    -0.0000478
  1951.3499658    -0.0000079
  1953.0177863     0.0000819
  1954.6856068     0.0000581
  1956.3534273    -0.0000105
  1958.0212478     0.0000357
  1959.6890683     0.0001283
  1961.3568887     0.0001034
  1963.0247092     0.0000189
  1964.6925297     0.0000358
  1966.3603502     0.0001077
  1968.0281707     0.0000845
  1969.6959912     0.0000095
  1971.3638117     0.0000237
  1973.0316321     0.0000818
  1974.6994526     0.0000476
  1976.3672731    -0.0000303
  1978.0350936    -0.0000129
  1979.7029141     0.0000543
  1981.3707346     0.0000331
  1983.0385550    -0.0000345
  1984.7063755    -0.0000107
  1986.3741960     0.0000673
  1988.0420165     0.0000610
  1989.7098370    -0.0000036
  1991.3776575     0.0000028
  1993.0454779     0.0000597
  1994.7132984     0.0000502
  1996.3811189    -0.0000039
  1998.0489394     0.0000059
  1999.7167599     0.0000541
  2001.3845804     0.0000382
  2003.0524008    -0.0000116
  2004.7202213     0.0000038
  2006.3880418     0.0000484
  2008.0558623     0.0000236
  2009.7236828    -0.0000303
  2011.3915033    -0.0000112
  2013.0593237     0.0000406
  2014.7271442     0.0000221
  2016.3949647    -0.0000274
  2018.0627852    -0.0000047
  2019.7306057     0.0000519
  2021.3984262     0.0000404
  2023.0662466    -0.0000030
  2024.7340671     0.0000192
  2026.4018876     0.0000667
  2028.0697081     0.0000419
  2029.7375286    -0.0000105
  2031.4053491     0.0000122
  2033.0731695     0.0000664
  2034.7409900     0.0000451
  2036.4088105    -0.0000138
  2038.0766310    -0.0000032
  2039.7444515     0.0000436
  2041.4122720     0.0000237
  2043.0800924    -0.0000291
  2044.7479129    -0.0000133
  2046.4157334     0.0000374
  2048.0835539     0.0000224
  2049.7513744    -0.0000246
  2051.4191949    -0.0000035
  2053.0870153     0.0000499
  2054.7548358     0.0000320
  2056.4226563    -0.0000229
  2058.0904768    -0.0000080
  2059.7582973     0.0000473
  2061.4261178     0.0000357
  2063.0939382    -0.0000190
  2064.7617587    -0.0000110
  2066.4295792     0.0000403
  2068.0973997     0.0000326
  2069.7652202    -0.0000176
  2071.4330407    -0.0000130
  2073.1008612     0.0000311
  2074.7686816     0.0000217
  2076.4365021    -0.0000242
  2078.1043226    -0.0000155
  2079.7721431     0.0000304
  2081.4399636     0.0000235
  2083.1077841    -0.0000179
  2084.7756045    -0.0000049
  2086.4434250     0.0000438
  2088.1112455     0.0000381
  2089.7790660    -0.0000056
  2091.4468865     0.0000007
  2093.1147070     0.0000424
  2094.7825274     0.0000350
  2096.4503479    -0.0000061
  2098.1181684     0.0000015
  2099.7859889     0.0000402
  2101.4538094     0.0000277
  2103.1216299    -0.0000174
  2104.7894503    -0.0000117
  2106.4572708     0.0000280
  2108.1250913     0.0000194
  2109.7929118    -0.0000213
  2111.4607323    -0.0000133
  2113.1285528     0.0000276
  2114.7963732     0.0000221
  2116.4641937    -0.0000140
  2118.1320142    -0.0000044
  2119.7998347     0.0000329
  2121.4676552     0.0000225
  2123.1354757    -0.0000151
  2124.8032961    -0.0000035
  2126.4711166     0.0000351
  2128.1389371     0.0000225
  2129.8067576    -0.0000183
  2131.4745781    -0.0000067
  2133.1423986     0.0000347
  2134.8102190     0.0000229
  2136.4780395    -0.0000216
  2138.1458600    -0.0000145
  2139.8136805     0.0000270
  2141.4815010     0.0000194
  2143.1493215    -0.0000217
  2144.8171419    -0.0000138
  2146.4849624     0.0000286
  2148.1527829     0.0000241
  2149.8206034    -0.0000139
  2151.4884239    -0.0000050
  2153.1562444     0.0000370
  2154.8240648     0.0000310
  2156.4918853    -0.0000104
  2158.1597058    -0.0000063
  2159.8275263     0.0000332
  2161.4953468     0.0000288
  2163.1631673    -0.0000106
  2164.8309878    -0.0000076
  2166.4988082     0.0000286
  2168.1666287     0.0000217
  2169.8344492    -0.0000184
  2171.5022697    -0.0000148
  2173.1700902     0.0000233
  2174.8379107     0.0000193
  2176.5057311    -0.0000186
  2178.1735516    -0.0000138
  2179.8413721     0.0000266
  2181.5091926     0.0000257
  2183.1770131    -0.0000118
  2184.8448336    -0.0000112
  2186.5126540     0.0000247
  2188.1804745     0.0000237
  2189.8482950    -0.0000112
  2191.5161155    -0.0000105
  2193.1839360     0.0000229
  2194.8517565     0.0000210
  2196.5195769    -0.0000121
  2198.1873974    -0.0000101
  2199.8552179     0.0000216
  2201.5230384     0.0000171
  2203.1908589    -0.0000167
  2204.8586794    -0.0000134
  2206.5264998     0.0000199
  2208.1943203     0.0000167
  2209.8621408    -0.0000157
  2211.5299613    -0.0000113
  2213.1977818     0.0000233
  2214.8656023     0.0000220
  2216.5334227    -0.0000087
  2218.2012432    -0.0000045
  2219.8690637     0.0000271
  2221.5368842     0.0000216
  2223.2047047    -0.0000118
  2224.8725252    -0.0000069
  2226.5403456     0.0000271
  2228.2081661     0.0000229
  2229.8759866    -0.0000123
  2231.5438071    -0.0000113
  2233.2116276     0.0000203
  2234.8794481     0.0000167
  2236.5472685    -0.0000163
  2238.2150890    -0.0000135
  2239.8829095     0.0000190
  2241.5507300     0.0000165
  2243.2185505    -0.0000148
  2244.8863710    -0.0000104
  2246.5541914     0.0000228
  2248.2220119     0.0000190
  2249.8898324    -0.0000147
  2251.5576529    -0.0000117
  2253.2254734     0.0000225
  2254.8932939     0.0000205
  2256.5611144    -0.0000137
  2258.2289348    -0.0000130
  2259.8967553     0.0000202
  2261.5645758     0.0000198
  2263.2323963    -0.0000129
  2264.9002168    -0.0000134
  2266.5680373     0.0000175
  2268.2358577     0.0000167
  2269.9036782    -0.0000148
  2271.5714987    -0.0000144
  2273.2393192     0.0000170
  2274.9071397     0.0000173
  2276.5749602    -0.0000126
  2278.2427806    -0.0000108
  2279.9106011     0.0000213
  2281.5784216     0.0000219
  2283.2462421    -0.0000086
  2284.9140626    -0.0000091
  2286.5818831     0.0000209
  2288.2497035     0.0000214
  2289.9175240    -0.0000080
  2291.5853445    -0.0000083
  2293.2531650     0.0000201
  2294.9209855     0.0000185
  2296.5888060    -0.0000122
  2298.2566264    -0.0000130
  2299.9244469     0.0000158
  2301.5922674     0.0000157
  2303.2600879    -0.0000134
  2304.9279084    -0.0000134
  2306.5957289     0.0000160
  2308.2635493     0.0000171
  2309.9313698    -0.0000106
  2311.5991903    -0.0000107
  2313.2670108     0.0000168
  2314.9348313     0.0000165
  2316.6026518    -0.0000107
  2318.2704722    -0.0000094
  2319.9382927     0.0000183
  2321.6061132     0.0000165
  2323.2739337    -0.0000122
  2324.9417542    -0.0000107
  2326.6095747     0.0000183
  2328.2773951     0.0000169
  2329.9452156    -0.0000132
  2331.6130361    -0.0000134
  2333.2808566     0.0000156
  2334.9486771     0.0000156
  2336.6164976    -0.0000133
  2338.2843180    -0.0000132
  2339.9521385     0.0000162
  2341.6199590     0.0000175
  2343.2877795    -0.0000102
  2344.9556000    -0.0000099
  2346.6234205     0.0000191
  2348.2912410     0.0000199
  2349.9590614    -0.0000089
  2351.6268819    -0.0000100
  2353.2947024     0.0000185
  2354.9625229     0.0000197
  2356.6303434    -0.0000089
  2358.2981639    -0.0000110
  2359.9659843     0.0000159
  2361.6338048     0.0000164
  2363.3016253    -0.0000120
  2364.9694458    -0.0000137
  2366.6372663     0.0000141
  2368.3050868     0.0000157
  2369.9729072    -0.0000118
  2371.6407277    -0.0000130
  2373.3085482     0.0000155
  2374.9763687     0.0000180
  2376.6441892    -0.0000097
  2378.3120097    -0.0000126
  2379.9798301     0.0000148
  2381.6476506     0.0000182
  2383.3154711    -0.0000082
  2384.9832916    -0.0000118
  2386.6511121     0.0000137
  2388.3189326     0.0000165
  2389.9867530    -0.0000088
  2391.6545735    -0.0000114
  2393.3223940     0.0000134
  2394.9902145     0.0000150
  2396.6580350    -0.0000107
  2398.3258555    -0.0000128
  2399.9936759     0.0000126
  2401.6614964     0.0000147
  2403.3293169    -0.0000103
  2404.9971374    -0.0000118
  2406.6649579     0.0000143
  2408.3327784     0.0000172
  2410.0005988    -0.0000073
  2411.6684193    -0.0000092
  2413.3362398     0.0000156
  2415.0040603     0.0000171
  2416.6718808    -0.0000082
  2418.3397013    -0.0000100
  2420.0075217     0.0000152
  2421.6753422     0.0000169
  2423.3431627    -0.0000090
  2425.0109832    -0.0000119
  2426.6788037     0.0000126
  2428.3466242     0.0000145
  2430.0144446    -0.0000105
  2431.6822651    -0.0000128
  2433.3500856     0.0000120
  2435.0179061     0.0000145
  2436.6857266    -0.0000096
  2438.3535471    -0.0000111
  2440.0213676     0.0000138
  2441.6891880     0.0000154
  2443.3570085    -0.0000099
  2445.0248290    -0.0000116
  2446.6926495     0.0000141
  2448.3604700     0.0000165
  2450.0282905    -0.0000094
  2451.6961109    -0.0000125
  2453.3639314     0.0000129
  2455.0317519     0.0000162
  2456.6995724    -0.0000091
  2458.3673929    -0.0000129
  2460.0352134     0.0000114
  2461.7030338     0.0000146
  2463.3708543    -0.0000099
  2465.0386748    -0.0000134
  2466.7064953     0.0000112
  2468.3743158     0.0000150
  2470.0421363    -0.0000088
  2471.7099567    -0.0000116
  2473.3777772     0.0000134
  2475.0455977     0.0000176
  2476.7134182    -0.0000066
  2478.3812387    -0.0000109
  2480.0490592     0.0000127
  2481.7168796     0.0000167
  2483.3847001    -0.0000066
  2485.0525206    -0.0000105
  2486.7203411     0.0000123
  2488.3881616     0.0000153
  2490.0559821    -0.0000087
  2491.7238025    -0.0000128
  2493.3916230     0.0000103
  2495.0594435     0.0000142
  2496.7272640    -0.0000091
  2498.3950845    -0.0000130
  2500.0629050     0.0000105
  2501.7307254     0.0000151
  2503.3985459    -0.0000075
  2505.0663664    -0.0000116
  2506.7341869     0.0000106
  2508.4020074     0.0000145
  2510.0698279    -0.0000075
  2511.7376483    -0.0000108
  2513.4054688     0.0000114
  2515.0732893     0.0000145
  2516.7411098    -0.0000083
  2518.4089303    -0.0000115
  2520.0767508     0.0000115
  2521.7445712     0.0000148
  2523.4123917    -0.0000087
  2525.0802122    -0.0000128
  2526.7480327     0.0000100
  2528.4158532     0.0000139
  2530.0836737    -0.0000088
  2531.7514941    -0.0000126
  2533.4193146     0.0000105
  2535.0871351     0.0000150
  2536.7549556    -0.0000071
  2538.4227761    -0.0000107
  2540.0905966     0.0000120
  2541.7584171     0.0000160
  2543.4262375    -0.0000068
  2545.0940580    -0.0000111
  2546.7618785     0.0000118
  2548.4296990     0.0000163
  2550.0975195    -0.0000065
  2551.7653400    -0.0000116
  2553.4331604     0.0000101
  2555.1009809     0.0000143
  2556.7688014    -0.0000082
  2558.4366219    -0.0000130
  2560.1044424     0.0000092
  2561.7722629     0.0000140
  2563.4400833    -0.0000081
  2565.1079038    -0.0000125
  2566.7757243     0.0000101
  2568.4435448     0.0000153
  2570.1113653    -0.0000070
  2571.7791858    -0.0000125
  2573.4470062     0.0000096
  2575.1148267     0.0000153
  2576.7826472    -0.0000063
  2578.4504677    -0.0000121
  2580.1182882     0.0000091
  2581.7861087     0.0000147
  2583.4539291    -0.0000062
  2585.1217496    -0.0000117
  2586.7895701     0.0000088
  2588.4573906     0.0000137
  2590.1252111    -0.0000073
  2591.7930316    -0.0000125
  2593.4608520     0.0000084
  2595.1286725     0.0000136
  2596.7964930    -0.0000070
  2598.4643135    -0.0000118
  2600.1321340     0.0000094
  2601.7999545     0.0000150
  2603.4677749    -0.0000054
  2605.1355954    -0.0000104
  2606.8034159     0.0000100
  2608.4712364     0.0000149
  2610.1390569    -0.0000058
  2611.8068774    -0.0000107
  2613.4746978     0.0000100
  2615.1425183     0.0000149
  2616.8103388    -0.0000062
  2618.4781593    -0.0000119
  2620.1459798     0.0000083
  2621.8138003     0.0000134
  2623.4816207    -0.0000071
  2625.1494412    -0.0000123
  2626.8172617     0.0000081
  2628.4850822     0.0000135
  2630.1529027    -0.0000065
  2631.8207232    -0.0000114
  2633.4885437     0.0000089
  2635.1563641     0.0000138
  2636.8241846    -0.0000067
  2638.4920051    -0.0000116
  2640.1598256     0.0000093
  2641.8276461     0.0000145
  2643.4954666    -0.0000065
  2645.1632870    -0.0000120
  2646.8311075     0.0000088
  2648.4989280     0.0000145
  2650.1667485    -0.0000063
  2651.8345690    -0.0000124
  2653.5023895     0.0000078
  2655.1702099     0.0000137
  2656.8380304    -0.0000067
  2658.5058509    -0.0000127
  2660.1736714     0.0000076
  2661.8414919     0.0000138
  2663.5093124    -0.0000061
  2665.1771328    -0.0000118
  2666.8449533     0.0000086
  2668.5127738     0.0000150
  2670.1805943    -0.0000050
  2671.8484148    -0.0000115
  2673.5162353     0.0000082
  2675.1840557     0.0000146
  2676.8518762    -0.0000049
  2678.5196967    -0.0000112
  2680.1875172     0.0000081
  2681.8553377     0.0000140
  2683.5231582    -0.0000060
  2685.1909786    -0.0000124
  2686.8587991     0.0000071
  2688.5266196     0.0000134
  2690.1944401    -0.0000061
  2691.8622606    -0.0000124
  2693.5300811     0.0000072
  2695.1979015     0.0000139
  2696.8657220    -0.0000053
  2698.5335425    -0.0000119
  2700.2013630     0.0000070
  2701.8691835     0.0000135
  2703.5370040    -0.0000052
  2705.2048244    -0.0000114
  2706.8726449     0.0000074
  2708.5404654     0.0000136
  2710.2082859    -0.0000054
  2711.8761064    -0.0000115
  2713.5439269     0.0000076
  2715.2117473     0.0000136
  2716.8795678    -0.0000058
  2718.5473883    -0.0000123
  2720.2152088     0.0000068
  2721.8830293     0.0000131
  2723.5508498    -0.0000059
  2725.2186703    -0.0000122
  2726.8864907     0.0000071
  2728.5543112     0.0000139
  2730.2221317    -0.0000048
  2731.8899522    -0.0000112
  2733.5577727     0.0000077
  2735.2255932     0.0000144
  2736.8934136    -0.0000045
  2738.5612341    -0.0000112
  2740.2290546     0.0000077
  2741.8968751     0.0000144
  2743.5646956    -0.0000045
  2745.2325161    -0.0000117
  2746.9003365     0.0000068
  2748.5681570     0.0000135
  2750.2359775    -0.0000054
  2751.9037980    -0.0000123
  2753.5716185     0.0000063
  2755.2394390     0.0000132
  2756.9072594    -0.0000053
  2758.5750799    -0.0000121
  2760.2429004     0.0000067
  2761.9107209     0.0000139
  2763.5785414    -0.0000048
  2765.2463619    -0.0000122
  2766.9141823     0.0000065
  2768.5820028     0.0000142
  2770.2498233    -0.0000041
  2771.9176438    -0.0000118
  2773.5854643     0.0000062
  2775.2532848     0.0000137
  2776.9211052    -0.0000042
  2778.5889257    -0.0000116
  2780.2567462     0.0000061
  2781.9245667     0.0000133
  2783.5923872    -0.0000047
  2785.2602077    -0.0000121
  2786.9280281     0.0000056
  2788.5958486     0.0000130
  2790.2636691    -0.0000046
  2791.9314896    -0.0000117
  2793.5993101     0.0000063
  2795.2671306     0.0000139
  2796.9349510    -0.0000035
  2798.6027715    -0.0000109
  2800.2705920     0.0000065
  2801.9384125     0.0000137
  2803.6062330    -0.0000039
  2805.2740535    -0.0000111
  2806.9418739     0.0000065
  2808.6096944     0.0000136
  2810.2775149    -0.0000043
  2811.9453354    -0.0000119
  2813.6131559     0.0000055
  2815.2809764     0.0000128
  2816.9487969    -0.0000046
  2818.6166173    -0.0000121
  2820.2844378     0.0000054
  2821.9522583     0.0000129
  2823.6200788    -0.0000042
  2825.2878993    -0.0000114
  2826.9557198     0.0000059
  2828.6235402     0.0000131
  2830.2913607    -0.0000044
  2831.9591812    -0.0000116
  2833.6270017     0.0000061
  2835.2948222     0.0000136
  2836.9626427    -0.0000041
  2838.6304631    -0.0000118
  2840.2982836     0.0000058
  2841.9661041     0.0000136
  2843.6339246    -0.0000040
  2845.3017451    -0.0000120
  2846.9695656     0.0000053
  2848.6373860     0.0000131
  2850.3052065    -0.0000043
  2851.9730270    -0.0000123
  2853.6408475     0.0000050
  2855.3086680     0.0000131
  2856.9764885    -0.0000039
  2858.6443089    -0.0000116
  2860.3121294     0.0000058
  2861.9799499     0.0000139
  2863.6477704    -0.0000032
  2865.3155909    -0.0000115
  2866.9834114     0.0000055
  2868.6512318     0.0000137
  2870.3190523    -0.0000031
  2871.9868728    -0.0000113
  2873.6546933     0.0000054
  2875.3225138     0.0000132
  2876.9903343    -0.0000039
  2878.6581547    -0.0000122
  2880.3259752     0.0000046
  2881.9937957     0.0000129
  2883.6616162    -0.0000039
  2885.3294367    -0.0000122
  2886.9972572     0.0000047
  2888.6650776     0.0000134
  2890.3328981    -0.0000031
  2892.0007186    -0.0000118
  2893.6685391     0.0000045
  2895.3363596     0.0000130
  2897.0041801    -0.0000032
  2898.6720005    -0.0000114
  2900.3398210     0.0000048
  2902.0076415     0.0000130
  2903.6754620    -0.0000032
  2905.3432825    -0.0000114
  2907.0111030     0.0000050
  2908.6789235     0.0000131
  2910.3467439    -0.0000035
  2912.0145644    -0.0000120
  2913.6823849     0.0000043
  2915.3502054     0.0000127
  2917.0180259    -0.0000037
  2918.6858464    -0.0000120
  2920.3536668     0.0000044
  2922.0214873     0.0000131
  2923.6893078    -0.0000029
  2925.3571283    -0.0000112
  2927.0249488     0.0000051
  2928.6927693     0.0000135
  2930.3605897    -0.0000029
  2932.0284102    -0.0000114
  2933.6962307     0.0000050
  2935.3640512     0.0000137
  2937.0318717    -0.0000027
  2938.6996922    -0.0000117
  2940.3675126     0.0000041
  2942.0353331     0.0000128
  2943.7031536    -0.0000032
  2945.3709741    -0.0000120
  2947.0387946     0.0000040
  2948.7066151     0.0000127
  2950.3744355    -0.0000032
  2952.0422560    -0.0000119
  2953.7100765     0.0000043
  2955.3778970     0.0000132
  2957.0457175    -0.0000029
  2958.7135380    -0.0000119
  2960.3813584     0.0000042
  2962.0491789     0.0000135
  2963.7169994    -0.0000023
  2965.3848199    -0.0000116
  2967.0526404     0.0000040
  2968.7204609     0.0000132
  2970.3882813    -0.0000023
  2972.0561018    -0.0000114
  2973.7239223     0.0000039
  2975.3917428     0.0000128
  2977.0595633    -0.0000028
  2978.7273838    -0.0000119
  2980.3952042     0.0000035
  2982.0630247     0.0000126
  2983.7308452    -0.0000027
  2985.3986657    -0.0000116
  2987.0664862     0.0000039
  2988.7343067     0.0000132
  2990.4021271    -0.0000020
  2992.0699476    -0.0000111
  2993.7377681     0.0000042
  2995.4055886     0.0000133
  2997.0734091    -0.0000021
  2998.7412296    -0.0000113
  3000.4090500     0.0000040
  3002.0768705     0.0000130
  3003.7446910    -0.0000024
  3005.4125115    -0.0000118
  3007.0803320     0.0000034
  3008.7481525     0.0000126
  3010.4159730    -0.0000026
  3012.0837934    -0.0000119
  3013.7516139     0.0000033
  3015.4194344     0.0000127
  3017.0872549    -0.0000023
  3018.7550754    -0.0000114
  3020.4228959     0.0000036
  3022.0907163     0.0000127
  3023.7585368    -0.0000023
  3025.4263573    -0.0000114
  3027.0941778     0.0000040
  3028.7619983     0.0000132
  3030.4298188    -0.0000021
  3032.0976392    -0.0000116
  3033.7654597     0.0000037
  3035.4332802     0.0000132
  3037.1011007    -0.0000021
  3038.7689212    -0.0000118
  3040.4367417     0.0000033
  3042.1045621     0.0000129
  3043.7723826    -0.0000022
  3045.4402031    -0.0000120
  3047.1080236     0.0000030
  3048.7758441     0.0000129
  3050.4436646    -0.0000019
  3052.1114850    -0.0000116
  3053.7793055     0.0000034
  3055.4471260     0.0000134
  3057.1149465    -0.0000013
  3058.7827670    -0.0000114
  3060.4505875     0.0000032
  3062.1184079     0.0000132
  3063.7862284    -0.0000014
  3065.4540489    -0.0000114
  3067.1218694     0.0000030
  3068.7896899     0.0000129
  3070.4575104    -0.0000016
  3072.1253308    -0.0000115
  3073.7931513     0.0000029
  3075.4609718     0.0000127
  3077.1287923    -0.0000018
  3078.7966128    -0.0000116
  3080.4644333     0.0000030
  3082.1322537     0.0000133
  3083.8000742    -0.0000007
  3085.4678947    -0.0000107
  3087.1357152     0.0000032
  3088.8035357     0.0000131
  3090.4713562    -0.0000005
  3092.1391766    -0.0000096
  3093.8069971     0.0000052
  3095.4748176     0.0000152
  3097.1426381     0.0000010
  3098.8104586    -0.0000087
  3100.4782791     0.0000056
  3102.1460996     0.0000155
  3103.8139200     0.0000011
  3105.4817405    -0.0000087
  3107.1495610     0.0000060
  3108.8173815     0.0000165
  3110.4852020     0.0000026
  3112.1530225    -0.0000075
  3113.8208429     0.0000063
  3115.4886634     0.0000156
  3117.1564839     0.0000010
  3118.8243044    -0.0000091
  3120.4921249     0.0000049
  3122.1599454     0.0000145
  3123.8277658    -0.0000003
  3125.4955863    -0.0000105
  3127.1634068     0.0000043
  3128.8312273     0.0000152
  3130.4990478     0.0000009
  3132.1668683    -0.0000100
  3133.8346887     0.0000032
  3135.5025092     0.0000131
  3137.1703297    -0.0000010
  3138.8381502    -0.0000111
  3140.5059707     0.0000031
  3142.1737912     0.0000137
  3143.8416116    -0.0000002
  3145.5094321    -0.0000109
  3147.1772526     0.0000026
  3148.8450731     0.0000130
  3150.5128936     0.0000004
  3152.1807141    -0.0000077
  3153.8485345     0.0000077
  3155.5163550     0.0000175
  3157.1841755     0.0000013
  3158.8519960    -0.0000111
  3160.5198165     0.0000022
  3162.1876370     0.0000131
  3163.8554574    -0.0000006
  3165.5232779    -0.0000113
  3167.1910984     0.0000024
  3168.8589189     0.0000131
  3170.5267394    -0.0000007
  3172.1945599    -0.0000117
  3173.8623803     0.0000019
  3175.5302008     0.0000129
  3177.1980213    -0.0000003
  3178.8658418    -0.0000106
  3180.5336623     0.0000030
  3182.2014828     0.0000135
  3183.8693032    -0.0000003
  3185.5371237    -0.0000110
  3187.2049442     0.0000026
  3188.8727647     0.0000133
  3190.5405852    -0.0000004
  3192.2084057    -0.0000109
  3193.8762262     0.0000032
  3195.5440466     0.0000142
  3197.2118671     0.0000002
  3198.8796876    -0.0000114
  3200.5475081     0.0000018
  3202.2153286     0.0000129
  3203.8831491    -0.0000001
  3205.5509695    -0.0000108
  3207.2187900     0.0000026
  3208.8866105     0.0000134
  3210.5544310    -0.0000001
  3212.2222515    -0.0000110
  3213.8900720     0.0000029
  3215.5578924     0.0000142
  3217.2257129     0.0000008
  3218.8935334    -0.0000105
  3220.5613539     0.0000029
  3222.2291744     0.0000139
  3223.8969949     0.0000001
  3225.5648153    -0.0000117
  3227.2326358     0.0000017
  3228.9004563     0.0000135
  3230.5682768     0.0000007
  3232.2360973    -0.0000108
  3233.9039178     0.0000019
  3235.5717382     0.0000130
  3237.2395587    -0.0000002
  3238.9073792    -0.0000116
  3240.5751997     0.0000013
  3242.2430202     0.0000126
  3243.9108407    -0.0000002
  3245.5786611    -0.0000114
  3247.2464816     0.0000018
  3248.9143021     0.0000132
  3250.5821226    -0.0000001
  3252.2499431    -0.0000116
  3253.9177636     0.0000015
  3255.5855840     0.0000131
  3257.2534045     0.0000002
  3258.9212250    -0.0000115
  3260.5890455     0.0000012
  3262.2568660     0.0000126
  3263.9246865    -0.0000003
  3265.5925069    -0.0000119
  3267.2603274     0.0000009
  3268.9281479     0.0000125
  3270.5959684    -0.0000002
  3272.2637889    -0.0000118
  3273.9316094     0.0000009
  3275.5994298     0.0000126
  3277.2672503    -0.0000002
  3278.9350708    -0.0000120
  3280.6028913     0.0000008
  3282.2707118     0.0000128
  3283.9385323     0.0000004
  3285.6063528    -0.0000113
  3287.2741732     0.0000011
  3288.9419937     0.0000127
  3290.6098142     0.0000002
  3292.2776347    -0.0000114
  3293.9454552     0.0000013
  3295.6132757     0.0000131
  3297.2810961     0.0000003
  3298.9489166    -0.0000117
  3300.6167371     0.0000007
  3302.2845576     0.0000125
  3303.9523781     0.0000001
  3305.6201986    -0.0000118
  3307.2880190     0.0000007
  3308.9558395     0.0000128
  3310.6236600     0.0000005
  3312.2914805    -0.0000114
  3313.9593010     0.0000009
  3315.6271215     0.0000128
  3317.2949419     0.0000004
  3318.9627624    -0.0000116
  3320.6305829     0.0000010
  3322.2984034     0.0000131
  3323.9662239     0.0000006
  3325.6340444    -0.0000118
  3327.3018648     0.0000003
  3328.9696853     0.0000125
  3330.6375058     0.0000004
  3332.3053263    -0.0000118
  3333.9731468     0.0000003
