     0.0000000     1.0000000
     0.0100000     1.0000828
     0.0200000     0.9991914
     0.0300000     0.9973292
     0.0400000     0.9945049
     0.0500000     0.9907326
     0.0600000     0.9860313
     0.0700000     0.9804251
     0.0800000     0.9739425
     0.0900000     0.9666168
     0.1000000     0.9584848
     0.1100000     0.9495873
     0.1200000     0.9399679
     0.1300000     0.9296728
     0.1400000     0.9187502
     0.1500000     0.9072495
     0.1600000     0.8952210
     0.1700000     0.8827150
     0.1800000     0.8697813
     0.1900000     0.8564692
     0.2000000     0.8428263
     0.2100000     0.8288993
     0.2200000     0.8147327
     0.2300000     0.8003695
     0.2400000     0.7858510
     0.2500000     0.7712164
     0.2600000     0.7565035
     0.2700000     0.7417479
     0.2800000     0.7269836
     0.2900000     0.7122424
     0.3000000     0.6975543
     0.3100000     0.6829470
     0.3200000     0.6684458
     0.3300000     0.6540737
     0.3400000     0.6398514
     0.3500000     0.6257969
     0.3600000     0.6119260
     0.3700000     0.5982520
     0.3800000     0.5847864
     0.3900000     0.5715385
     0.4000000     0.5585160
     0.4100000     0.5457251
     0.4200000     0.5331706
     0.4300000     0.5208565
     0.4400000     0.5087855
     0.4500000     0.4969598
     0.4600000     0.4853809
     0.4700000     0.4740494
     0.4800000     0.4629658
     0.4900000     0.4521299
     0.5000000     0.4415409
     0.5100000     0.4311976
     0.5200000     0.4210983
     0.5300000     0.4112408
     0.5400000     0.4016222
     0.5500000     0.3922394
     0.5600000     0.3830885
     0.5700000     0.3741656
     0.5800000     0.3654663
     0.5900000     0.3569861
     0.6000000     0.3487208
     0.6100000     0.3406659
     0.6200000     0.3328172
     0.6300000     0.3251710
     0.6400000     0.3177235
     0.6500000     0.3104713
     0.6600000     0.3034111
     0.6700000     0.2965395
     0.6800000     0.2898534
     0.6900000     0.2833491
     0.7000000     0.2770231
     0.7100000     0.2708712
     0.7200000     0.2648893
     0.7300000     0.2590724
     0.7400000     0.2534157
     0.7500000     0.2479136
     0.7600000     0.2425605
     0.7700000     0.2373505
     0.7800000     0.2322776
     0.7900000     0.2273357
     0.8000000     0.2225190
     0.8100000     0.2178215
     0.8200000     0.2132379
     0.8300000     0.2087630
     0.8400000     0.2043919
     0.8500000     0.2001203
     0.8600000     0.1959443
     0.8700000     0.1918605
     0.8800000     0.1878658
     0.8900000     0.1839576
     0.9000000     0.1801334
     0.9100000     0.1763913
     0.9200000     0.1727293
     0.9300000     0.1691456
     0.9400000     0.1656386
     0.9500000     0.1622065
     0.9600000     0.1588478
     0.9700000     0.1555606
     0.9800000     0.1523432
     0.9900000     0.1491938
     1.0000000     0.1461107
     1.0100000     0.1430922
     1.0200000     0.1401368
     1.0300000     0.1372429
     1.0400000     0.1344095
     1.0500000     0.1316355
     1.0599999     0.1289201
     1.0700001     0.1262624
     1.0800000     0.1236618
     1.0900000     0.1211179
     1.1000000     0.1186298
     1.1100000     0.1161971
     1.1200000     0.1138189
     1.1300000     0.1114943
     1.1400000     0.1092226
     1.1500000     0.1070027
     1.1600000     0.1048335
     1.1700000     0.1027140
     1.1799999     0.1006431
     1.1900001     0.0986197
     1.2000000     0.0966429
     1.2100000     0.0947117
     1.2200000     0.0928252
     1.2300000     0.0909827
     1.2400000     0.0891833
     1.2500000     0.0874264
     1.2600000     0.0857112
     1.2700000     0.0840369
     1.2800000     0.0824028
     1.2900000     0.0808082
     1.3000000     0.0792523
     1.3099999     0.0777344
     1.3200001     0.0762535
     1.3300000     0.0748092
     1.3400000     0.0734004
     1.3500000     0.0720267
     1.3600000     0.0706873
     1.3700000     0.0693816
     1.3800000     0.0681089
     1.3900000     0.0668686
     1.4000000     0.0656600
     1.4100000     0.0644825
     1.4200000     0.0633354
     1.4299999     0.0622179
     1.4400001     0.0611292
     1.4500000     0.0600686
     1.4600000     0.0590353
     1.4700000     0.0580283
     1.4800000     0.0570468
     1.4900000     0.0560901
     1.5000000     0.0551571
     1.5100000     0.0542471
     1.5200000     0.0533593
     1.5300000     0.0524928
     1.5400000     0.0516467
     1.5500000     0.0508204
     1.5599999     0.0500130
     1.5700001     0.0492239
     1.5800000     0.0484523
     1.5900000     0.0476976
     1.6000000     0.0469592
     1.6100000     0.0462366
     1.6200000     0.0455292
     1.6300000     0.0448366
     1.6400000     0.0441583
     1.6500000     0.0434939
     1.6600000     0.0428427
     1.6700000     0.0422045
     1.6799999     0.0415786
     1.6900001     0.0409644
     1.7000000     0.0403616
     1.7100000     0.0397694
     1.7200000     0.0391871
     1.7300000     0.0386142
     1.7400000     0.0380499
     1.7500000     0.0374933
     1.7600000     0.0369439
     1.7700000     0.0364007
     1.7800000     0.0358629
     1.7900000     0.0353298
     1.8000000     0.0348006
     1.8099999     0.0342748
     1.8200001     0.0337518
     1.8300000     0.0332311
     1.8400000     0.0327125
     1.8500000     0.0321959
     1.8600000     0.0316813
     1.8700000     0.0311689
     1.8800000     0.0306589
     1.8900000     0.0301518
     1.9000000     0.0296481
     1.9100000     0.0291483
     1.9200000     0.0286532
     1.9299999     0.0281632
     1.9400001     0.0276791
     1.9500000     0.0272015
     1.9600000     0.0267310
     1.9700000     0.0262681
     1.9800000     0.0258135
     1.9900000     0.0253677
     2.0000000     0.0249310
     2.0100000     0.0245040
     2.0200000     0.0240869
     2.0300000     0.0236802
     2.0400000     0.0232841
     2.0500000     0.0228990
     2.0599999     0.0225249
     2.0699999     0.0221622
     2.0799999     0.0218108
     2.0899999     0.0214708
     2.0999999     0.0211422
     2.1099999     0.0208247
     2.1199999     0.0205182
     2.1300001     0.0202222
     2.1400001     0.0199363
     2.1500001     0.0196599
     2.1600001     0.0193922
     2.1700001     0.0191324
     2.1800001     0.0188799
     2.1900001     0.0186335
     2.2000000     0.0183926
     2.2100000     0.0181561
     2.2200000     0.0179232
     2.2300000     0.0176931
     2.2400000     0.0174651
     2.2500000     0.0172386
     2.2600000     0.0170128
     2.2700000     0.0167875
     2.2800000     0.0165622
     2.2900000     0.0163366
     2.3000000     0.0161107
     2.3099999     0.0158842
     2.3199999     0.0156573
     2.3299999     0.0154302
     2.3399999     0.0152030
     2.3499999     0.0149762
     2.3599999     0.0147500
     2.3699999     0.0145250
     2.3800001     0.0143016
     2.3900001     0.0140803
     2.4000001     0.0138617
     2.4100001     0.0136462
     2.4200001     0.0134344
     2.4300001     0.0132265
     2.4400001     0.0130231
     2.4500000     0.0128243
     2.4600000     0.0126303
     2.4700000     0.0124414
     2.4800000     0.0122575
     2.4900000     0.0120787
     2.5000000     0.0119049
     2.5100000     0.0117360
     2.5200000     0.0115717
     2.5300000     0.0114118
     2.5400000     0.0112559
     2.5500000     0.0111038
     2.5599999     0.0109549
     2.5699999     0.0108087
     2.5799999     0.0106649
     2.5899999     0.0105228
     2.5999999     0.0103820
     2.6099999     0.0102420
     2.6199999     0.0101022
     2.6300001     0.0099624
     2.6400001     0.0098223
     2.6500001     0.0096815
     2.6600001     0.0095399
     2.6700001     0.0093975
     2.6800001     0.0092543
     2.6900001     0.0091104
     2.7000000     0.0089660
     2.7100000     0.0088215
     2.7200000     0.0086770
     2.7300000     0.0085330
     2.7400000     0.0083898
     2.7500000     0.0082480
     2.7600000     0.0081078
     2.7700000     0.0079698
     2.7800000     0.0078343
     2.7900000     0.0077017
     2.8000000     0.0075724
     2.8099999     0.0074467
     2.8199999     0.0073248
     2.8299999     0.0072069
     2.8399999     0.0070932
     2.8499999     0.0069837
     2.8599999     0.0068786
     2.8699999     0.0067778
     2.8800001     0.0066814
     2.8900001     0.0065892
     2.9000001     0.0065012
     2.9100001     0.0064174
     2.9200001     0.0063375
     2.9300001     0.0062616
     2.9400001     0.0061895
     2.9500000     0.0061211
     2.9600000     0.0060562
     2.9700000     0.0059947
     2.9800000     0.0059365
     2.9900000     0.0058815
     3.0000000     0.0058294
     3.0100000     0.0057801
     3.0200000     0.0057333
     3.0300000     0.0056890
     3.0400000     0.0056469
     3.0500000     0.0056067
     3.0599999     0.0055681
     3.0699999     0.0055311
     3.0799999     0.0054952
     3.0899999     0.0054602
     3.0999999     0.0054259
     3.1099999     0.0053920
     3.1199999     0.0053583
     3.1300001     0.0053245
     3.1400001     0.0052904
     3.1500001     0.0052558
     3.1600001     0.0052205
     3.1700001     0.0051843
     3.1800001     0.0051469
     3.1900001     0.0051082
     3.2000000     0.0050681
     3.2100000     0.0050265
     3.2200000     0.0049831
     3.2300000     0.0049380
     3.2400000     0.0048912
     3.2500000     0.0048426
     3.2600000     0.0047925
     3.2700000     0.0047410
     3.2800000     0.0046883
     3.2900000     0.0046347
     3.3000000     0.0045804
     3.3099999     0.0045259
     3.3199999     0.0044714
     3.3299999     0.0044172
     3.3399999     0.0043636
     3.3499999     0.0043109
     3.3599999     0.0042592
     3.3699999     0.0042087
     3.3800001     0.0041596
     3.3900001     0.0041117
     3.4000001     0.0040652
     3.4100001     0.0040198
     3.4200001     0.0039755
     3.4300001     0.0039322
     3.4400001     0.0038896
     3.4500000     0.0038477
     3.4600000     0.0038062
     3.4700000     0.0037651
     3.4800000     0.0037242
     3.4900000     0.0036836
     3.5000000     0.0036432
     3.5100000     0.0036033
     3.5200000     0.0035638
     3.5300000     0.0035250
     3.5400000     0.0034870
     3.5500000     0.0034500
     3.5599999     0.0034143
     3.5699999     0.0033799
     3.5799999     0.0033471
     3.5899999     0.0033158
     3.5999999     0.0032861
     3.6099999     0.0032580
     3.6199999     0.0032315
     3.6300001     0.0032065
     3.6400001     0.0031828
     3.6500001     0.0031604
     3.6600001     0.0031391
     3.6700001     0.0031188
     3.6800001     0.0030993
     3.6900001     0.0030805
     3.7000000     0.0030624
     3.7100000     0.0030447
     3.7200000     0.0030275
     3.7300000     0.0030106
     3.7400000     0.0029940
     3.7500000     0.0029776
     3.7600000     0.0029613
     3.7700000     0.0029451
     3.7800000     0.0029287
     3.7900000     0.0029122
     3.8000000     0.0028952
     3.8099999     0.0028776
     3.8199999     0.0028593
     3.8299999     0.0028400
     3.8399999     0.0028196
     3.8499999     0.0027978
     3.8599999     0.0027746
     3.8699999     0.0027497
     3.8800001     0.0027233
     3.8900001     0.0026952
     3.9000001     0.0026655
     3.9100001     0.0026342
     3.9200001     0.0026016
     3.9300001     0.0025677
     3.9400001     0.0025328
     3.9500000     0.0024971
     3.9600000     0.0024606
     3.9700000     0.0024237
     3.9800000     0.0023864
     3.9900000     0.0023488
     4.0000000     0.0023111
     4.0100002     0.0022733
     4.0200000     0.0022354
     4.0300002     0.0021974
     4.0400000     0.0021593
     4.0500002     0.0021212
     4.0599999     0.0020829
     4.0700002     0.0020444
     4.0799999     0.0020058
     4.0900002     0.0019670
     4.0999999     0.0019281
     4.1100001     0.0018891
     4.1199999     0.0018500
     4.1300001     0.0018108
     4.1399999     0.0017717
     4.1500001     0.0017326
     4.1599998     0.0016936
     4.1700001     0.0016546
     4.1799998     0.0016157
     4.1900001     0.0015768
     4.1999998     0.0015378
     4.2100000     0.0014988
     4.2199998     0.0014598
     4.2300000     0.0014206
     4.2399998     0.0013814
     4.2500000     0.0013422
     4.2600002     0.0013030
     4.2700000     0.0012641
     4.2800002     0.0012256
     4.2900000     0.0011877
     4.3000002     0.0011506
     4.3099999     0.0011147
     4.3200002     0.0010802
     4.3299999     0.0010473
     4.3400002     0.0010162
     4.3499999     0.0009870
     4.3600001     0.0009597
     4.3699999     0.0009345
     4.3800001     0.0009112
     4.3899999     0.0008897
     4.4000001     0.0008698
     4.4099998     0.0008514
     4.4200001     0.0008342
     4.4299998     0.0008180
     4.4400001     0.0008026
     4.4499998     0.0007879
     4.4600000     0.0007737
     4.4699998     0.0007599
     4.4800000     0.0007464
     4.4899998     0.0007332
     4.5000000     0.0007204
     4.5100002     0.0007080
     4.5200000     0.0006961
     4.5300002     0.0006848
     4.5400000     0.0006742
     4.5500002     0.0006644
     4.5599999     0.0006554
     4.5700002     0.0006474
     4.5799999     0.0006402
     4.5900002     0.0006338
     4.5999999     0.0006283
     4.6100001     0.0006234
     4.6199999     0.0006192
     4.6300001     0.0006156
     4.6399999     0.0006123
     4.6500001     0.0006094
     4.6599998     0.0006067
     4.6700001     0.0006044
     4.6799998     0.0006022
     4.6900001     0.0006003
     4.6999998     0.0005987
     4.7100000     0.0005975
     4.7199998     0.0005968
     4.7300000     0.0005966
     4.7399998     0.0005970
     4.7500000     0.0005982
     4.7600002     0.0006002
     4.7700000     0.0006030
     4.7800002     0.0006068
     4.7900000     0.0006115
     4.8000002     0.0006170
     4.8099999     0.0006233
     4.8200002     0.0006303
     4.8299999     0.0006378
     4.8400002     0.0006456
     4.8499999     0.0006535
     4.8600001     0.0006611
     4.8699999     0.0006683
     4.8800001     0.0006747
     4.8899999     0.0006800
     4.9000001     0.0006839
     4.9099998     0.0006863
     4.9200001     0.0006869
     4.9299998     0.0006856
     4.9400001     0.0006823
     4.9499998     0.0006769
     4.9600000     0.0006695
     4.9699998     0.0006602
     4.9800000     0.0006491
     4.9899998     0.0006365
     5.0000000     0.0006226
     5.0100002     0.0006076
     5.0200000     0.0005919
     5.0300002     0.0005758
     5.0400000     0.0005595
     5.0500002     0.0005434
     5.0599999     0.0005276
     5.0700002     0.0005124
     5.0799999     0.0004981
     5.0900002     0.0004847
     5.0999999     0.0004726
     5.1100001     0.0004617
     5.1199999     0.0004522
     5.1300001     0.0004442
     5.1399999     0.0004378
     5.1500001     0.0004331
     5.1599998     0.0004300
     5.1700001     0.0004286
     5.1799998     0.0004290
     5.1900001     0.0004311
     5.1999998     0.0004351
     5.2100000     0.0004410
     5.2199998     0.0004487
     5.2300000     0.0004584
     5.2399998     0.0004699
     5.2500000     0.0004834
     5.2600002     0.0004987
     5.2700000     0.0005159
     5.2800002     0.0005347
     5.2900000     0.0005552
     5.3000002     0.0005771
     5.3099999     0.0006003
     5.3200002     0.0006245
     5.3299999     0.0006494
     5.3400002     0.0006747
     5.3499999     0.0007003
     5.3600001     0.0007256
     5.3699999     0.0007504
     5.3800001     0.0007744
     5.3899999     0.0007972
     5.4000001     0.0008185
     5.4099998     0.0008379
     5.4200001     0.0008553
     5.4299998     0.0008702
     5.4400001     0.0008826
     5.4499998     0.0008922
     5.4600000     0.0008990
     5.4699998     0.0009029
     5.4800000     0.0009040
     5.4899998     0.0009024
     5.5000000     0.0008983
     5.5100002     0.0008920
     5.5200000     0.0008836
     5.5300002     0.0008736
     5.5400000     0.0008622
     5.5500002     0.0008497
     5.5599999     0.0008365
     5.5700002     0.0008228
     5.5799999     0.0008088
     5.5900002     0.0007948
     5.5999999     0.0007809
     5.6100001     0.0007672
     5.6199999     0.0007538
     5.6300001     0.0007407
     5.6399999     0.0007280
     5.6500001     0.0007157
     5.6599998     0.0007039
     5.6700001     0.0006925
     5.6799998     0.0006816
     5.6900001     0.0006712
     5.6999998     0.0006613
     5.7100000     0.0006521
     5.7199998     0.0006434
     5.7300000     0.0006353
     5.7399998     0.0006279
     5.7500000     0.0006210
     5.7600002     0.0006147
     5.7700000     0.0006089
     5.7800002     0.0006035
     5.7900000     0.0005986
     5.8000002     0.0005939
     5.8099999     0.0005895
     5.8200002     0.0005853
     5.8299999     0.0005811
     5.8400002     0.0005769
     5.8499999     0.0005727
     5.8600001     0.0005684
     5.8699999     0.0005639
     5.8800001     0.0005592
     5.8899999     0.0005543
     5.9000001     0.0005492
     5.9099998     0.0005439
     5.9200001     0.0005384
     5.9299998     0.0005326
     5.9400001     0.0005267
     5.9499998     0.0005206
     5.9600000     0.0005142
     5.9699998     0.0005075
     5.9800000     0.0005004
     5.9899998     0.0004928
     6.0000000     0.0004845
     6.0100002     0.0004754
     6.0200000     0.0004651
     6.0300002     0.0004536
     6.0400000     0.0004405
     6.0500002     0.0004256
     6.0599999     0.0004088
     6.0700002     0.0003899
     6.0799999     0.0003688
     6.0900002     0.0003455
     6.0999999     0.0003201
     6.1100001     0.0002927
     6.1199999     0.0002633
     6.1300001     0.0002323
     6.1399999     0.0001999
     6.1500001     0.0001664
     6.1599998     0.0001322
     6.1700001     0.0000975
     6.1799998     0.0000629
     6.1900001     0.0000285
     6.1999998    -0.0000051
     6.2100000    -0.0000378
     6.2199998    -0.0000691
     6.2300000    -0.0000988
     6.2399998    -0.0001267
     6.2500000    -0.0001526
     6.2600002    -0.0001763
     6.2700000    -0.0001976
     6.2800002    -0.0002166
     6.2900000    -0.0002332
     6.3000002    -0.0002474
     6.3099999    -0.0002592
     6.3200002    -0.0002687
     6.3299999    -0.0002759
     6.3400002    -0.0002811
     6.3499999    -0.0002843
     6.3600001    -0.0002856
     6.3699999    -0.0002852
     6.3800001    -0.0002832
     6.3899999    -0.0002798
     6.4000001    -0.0002751
     6.4099998    -0.0002692
     6.4200001    -0.0002623
     6.4299998    -0.0002545
     6.4400001    -0.0002459
     6.4499998    -0.0002366
     6.4600000    -0.0002267
     6.4699998    -0.0002163
     6.4800000    -0.0002053
     6.4899998    -0.0001940
     6.5000000    -0.0001823
     6.5100002    -0.0001703
     6.5200000    -0.0001580
     6.5300002    -0.0001456
     6.5400000    -0.0001331
     6.5500002    -0.0001206
     6.5599999    -0.0001083
     6.5700002    -0.0000961
     6.5799999    -0.0000842
     6.5900002    -0.0000726
     6.5999999    -0.0000614
     6.6100001    -0.0000506
     6.6199999    -0.0000402
     6.6300001    -0.0000302
     6.6399999    -0.0000204
     6.6500001    -0.0000108
     6.6599998    -0.0000013
     6.6700001     0.0000082
     6.6799998     0.0000179
     6.6900001     0.0000278
     6.6999998     0.0000380
     6.7100000     0.0000487
     6.7199998     0.0000599
     6.7300000     0.0000716
     6.7399998     0.0000840
     6.7500000     0.0000970
     6.7600002     0.0001106
     6.7700000     0.0001249
     6.7800002     0.0001398
     6.7900000     0.0001554
     6.8000002     0.0001716
     6.8099999     0.0001884
     6.8200002     0.0002058
     6.8299999     0.0002238
     6.8400002     0.0002422
     6.8499999     0.0002611
     6.8600001     0.0002803
     6.8699999     0.0002998
     6.8800001     0.0003193
     6.8899999     0.0003390
     6.9000001     0.0003585
     6.9099998     0.0003779
     6.9200001     0.0003969
     6.9299998     0.0004155
     6.9400001     0.0004336
     6.9499998     0.0004512
     6.9600000     0.0004681
     6.9699998     0.0004842
     6.9800000     0.0004997
     6.9899998     0.0005145
     7.0000000     0.0005285
     7.0100002     0.0005419
     7.0200000     0.0005547
     7.0300002     0.0005669
     7.0400000     0.0005786
     7.0500002     0.0005899
     7.0599999     0.0006008
     7.0700002     0.0006113
     7.0799999     0.0006217
     7.0900002     0.0006317
     7.0999999     0.0006416
     7.1100001     0.0006512
     7.1199999     0.0006605
     7.1300001     0.0006696
     7.1399999     0.0006785
     7.1500001     0.0006870
     7.1599998     0.0006951
     7.1700001     0.0007028
     7.1799998     0.0007100
     7.1900001     0.0007166
     7.1999998     0.0007227
     7.2100000     0.0007280
     7.2199998     0.0007326
     7.2300000     0.0007364
     7.2399998     0.0007394
     7.2500000     0.0007414
     7.2600002     0.0007426
     7.2700000     0.0007429
     7.2800002     0.0007423
     7.2900000     0.0007408
     7.3000002     0.0007384
     7.3099999     0.0007352
     7.3200002     0.0007311
     7.3299999     0.0007262
     7.3400002     0.0007204
     7.3499999     0.0007139
     7.3600001     0.0007066
     7.3699999     0.0006984
     7.3800001     0.0006894
     7.3899999     0.0006796
     7.4000001     0.0006690
     7.4099998     0.0006574
     7.4200001     0.0006450
     7.4299998     0.0006317
     7.4400001     0.0006175
     7.4499998     0.0006024
     7.4600000     0.0005864
     7.4699998     0.0005696
     7.4800000     0.0005521
     7.4899998     0.0005339
     7.5000000     0.0005151
     7.5100002     0.0004959
     7.5200000     0.0004763
     7.5300002     0.0004565
     7.5400000     0.0004366
     7.5500002     0.0004168
     7.5599999     0.0003971
     7.5700002     0.0003779
     7.5799999     0.0003592
     7.5900002     0.0003411
     7.5999999     0.0003239
     7.6100001     0.0003077
     7.6199999     0.0002926
     7.6300001     0.0002788
     7.6399999     0.0002664
     7.6500001     0.0002554
     7.6599998     0.0002461
     7.6700001     0.0002385
     7.6799998     0.0002326
     7.6900001     0.0002284
     7.6999998     0.0002259
     7.7100000     0.0002252
     7.7199998     0.0002261
     7.7300000     0.0002287
     7.7399998     0.0002329
     7.7500000     0.0002386
     7.7600002     0.0002458
     7.7700000     0.0002543
     7.7800002     0.0002641
     7.7900000     0.0002752
     7.8000002     0.0002874
     7.8099999     0.0003006
     7.8200002     0.0003147
     7.8299999     0.0003297
     7.8400002     0.0003454
     7.8499999     0.0003617
     7.8600001     0.0003785
     7.8699999     0.0003956
     7.8800001     0.0004129
     7.8899999     0.0004303
     7.9000001     0.0004476
     7.9099998     0.0004646
     7.9200001     0.0004813
     7.9299998     0.0004974
     7.9400001     0.0005128
     7.9499998     0.0005275
     7.9600000     0.0005411
     7.9699998     0.0005537
     7.9800000     0.0005650
     7.9899998     0.0005750
     8.0000000     0.0005835
     8.0100002     0.0005906
     8.0200005     0.0005962
     8.0299997     0.0006003
     8.0400000     0.0006028
     8.0500002     0.0006038
     8.0600004     0.0006033
     8.0699997     0.0006015
     8.0799999     0.0005984
     8.0900002     0.0005941
     8.1000004     0.0005888
     8.1099997     0.0005826
     8.1199999     0.0005756
     8.1300001     0.0005679
     8.1400003     0.0005599
     8.1499996     0.0005515
     8.1599998     0.0005429
     8.1700001     0.0005343
     8.1800003     0.0005257
     8.1899996     0.0005174
     8.1999998     0.0005094
     8.2100000     0.0005017
     8.2200003     0.0004944
     8.2299995     0.0004876
     8.2399998     0.0004814
     8.2500000     0.0004757
     8.2600002     0.0004706
     8.2700005     0.0004661
     8.2799997     0.0004622
     8.2900000     0.0004590
     8.3000002     0.0004564
     8.3100004     0.0004546
     8.3199997     0.0004534
     8.3299999     0.0004528
     8.3400002     0.0004529
     8.3500004     0.0004535
     8.3599997     0.0004547
     8.3699999     0.0004562
     8.3800001     0.0004581
     8.3900003     0.0004602
     8.3999996     0.0004623
     8.4099998     0.0004645
     8.4200001     0.0004667
     8.4300003     0.0004686
     8.4399996     0.0004702
     8.4499998     0.0004716
     8.4600000     0.0004726
     8.4700003     0.0004732
     8.4799995     0.0004735
     8.4899998     0.0004734
     8.5000000     0.0004730
     8.5100002     0.0004723
     8.5200005     0.0004715
     8.5299997     0.0004704
     8.5400000     0.0004693
     8.5500002     0.0004680
     8.5600004     0.0004667
     8.5699997     0.0004654
     8.5799999     0.0004641
     8.5900002     0.0004628
     8.6000004     0.0004613
     8.6099997     0.0004598
     8.6199999     0.0004582
     8.6300001     0.0004564
     8.6400003     0.0004543
     8.6499996     0.0004519
     8.6599998     0.0004491
     8.6700001     0.0004459
     8.6800003     0.0004423
     8.6899996     0.0004381
     8.6999998     0.0004334
     8.7100000     0.0004281
     8.7200003     0.0004222
     8.7299995     0.0004158
     8.7399998     0.0004088
     8.7500000     0.0004012
     8.7600002     0.0003931
     8.7700005     0.0003846
     8.7799997     0.0003757
     8.7900000     0.0003665
     8.8000002     0.0003571
     8.8100004     0.0003476
     8.8199997     0.0003381
     8.8299999     0.0003286
     8.8400002     0.0003194
     8.8500004     0.0003105
     8.8599997     0.0003021
     8.8699999     0.0002942
     8.8800001     0.0002869
     8.8900003     0.0002803
     8.8999996     0.0002746
     8.9099998     0.0002697
     8.9200001     0.0002657
     8.9300003     0.0002626
     8.9399996     0.0002604
     8.9499998     0.0002591
     8.9600000     0.0002585
     8.9700003     0.0002587
     8.9799995     0.0002594
     8.9899998     0.0002607
     9.0000000     0.0002624
     9.0100002     0.0002643
     9.0200005     0.0002665
     9.0299997     0.0002688
     9.0400000     0.0002711
     9.0500002     0.0002735
     9.0600004     0.0002758
     9.0699997     0.0002780
     9.0799999     0.0002801
     9.0900002     0.0002821
     9.1000004     0.0002840
     9.1099997     0.0002857
     9.1199999     0.0002872
     9.1300001     0.0002884
     9.1400003     0.0002893
     9.1499996     0.0002899
     9.1599998     0.0002901
     9.1700001     0.0002899
     9.1800003     0.0002893
     9.1899996     0.0002882
     9.1999998     0.0002866
     9.2100000     0.0002847
     9.2200003     0.0002823
     9.2299995     0.0002797
     9.2399998     0.0002768
     9.2500000     0.0002738
     9.2600002     0.0002707
     9.2700005     0.0002677
     9.2799997     0.0002648
     9.2900000     0.0002621
     9.3000002     0.0002598
     9.3100004     0.0002578
     9.3199997     0.0002561
     9.3299999     0.0002548
     9.3400002     0.0002537
     9.3500004     0.0002529
     9.3599997     0.0002522
     9.3699999     0.0002515
     9.3800001     0.0002507
     9.3900003     0.0002496
     9.3999996     0.0002482
     9.4099998     0.0002463
     9.4200001     0.0002437
     9.4300003     0.0002405
     9.4399996     0.0002365
     9.4499998     0.0002318
     9.4600000     0.0002262
     9.4700003     0.0002198
     9.4799995     0.0002126
     9.4899998     0.0002048
     9.5000000     0.0001962
     9.5100002     0.0001872
     9.5200005     0.0001776
     9.5299997     0.0001677
     9.5400000     0.0001576
     9.5500002     0.0001473
     9.5600004     0.0001370
     9.5699997     0.0001268
     9.5799999     0.0001167
     9.5900002     0.0001070
     9.6000004     0.0000975
     9.6099997     0.0000884
     9.6199999     0.0000797
     9.6300001     0.0000714
     9.6400003     0.0000636
     9.6499996     0.0000562
     9.6599998     0.0000492
     9.6700001     0.0000426
     9.6800003     0.0000363
     9.6899996     0.0000303
     9.6999998     0.0000246
     9.7100000     0.0000192
     9.7200003     0.0000139
     9.7299995     0.0000088
     9.7399998     0.0000039
     9.7500000    -0.0000008
     9.7600002    -0.0000053
     9.7700005    -0.0000096
     9.7799997    -0.0000137
     9.7900000    -0.0000175
     9.8000002    -0.0000210
     9.8100004    -0.0000241
     9.8199997    -0.0000268
     9.8299999    -0.0000290
     9.8400002    -0.0000307
     9.8500004    -0.0000318
     9.8599997    -0.0000322
     9.8699999    -0.0000319
     9.8800001    -0.0000307
     9.8900003    -0.0000287
     9.8999996    -0.0000258
     9.9099998    -0.0000220
     9.9200001    -0.0000172
     9.9300003    -0.0000115
     9.9399996    -0.0000049
     9.9499998     0.0000025
     9.9600000     0.0000107
     9.9700003     0.0000196
     9.9799995     0.0000291
     9.9899998     0.0000390
    10.0000000     0.0000492
    10.0100002     0.0000596
    10.0200005     0.0000701
    10.0299997     0.0000805
    10.0400000     0.0000907
    10.0500002     0.0001006
    10.0600004     0.0001100
    10.0699997     0.0001190
    10.0799999     0.0001273
    10.0900002     0.0001349
    10.1000004     0.0001417
    10.1099997     0.0001477
    10.1199999     0.0001529
    10.1300001     0.0001571
    10.1400003     0.0001605
    10.1499996     0.0001629
    10.1599998     0.0001645
    10.1700001     0.0001652
    10.1800003     0.0001652
    10.1899996     0.0001644
    10.1999998     0.0001629
    10.2100000     0.0001608
    10.2200003     0.0001583
    10.2299995     0.0001553
    10.2399998     0.0001520
    10.2500000     0.0001484
    10.2600002     0.0001446
    10.2700005     0.0001407
    10.2799997     0.0001366
    10.2900000     0.0001325
    10.3000002     0.0001283
    10.3100004     0.0001241
    10.3199997     0.0001200
    10.3299999     0.0001158
    10.3400002     0.0001117
    10.3500004     0.0001076
    10.3599997     0.0001036
    10.3699999     0.0000996
    10.3800001     0.0000956
    10.3900003     0.0000918
    10.3999996     0.0000879
    10.4099998     0.0000841
    10.4200001     0.0000802
    10.4300003     0.0000763
    10.4399996     0.0000723
    10.4499998     0.0000681
    10.4600000     0.0000638
    10.4700003     0.0000593
    10.4799995     0.0000546
    10.4899998     0.0000495
    10.5000000     0.0000443
    10.5100002     0.0000388
    10.5200005     0.0000330
    10.5299997     0.0000271
    10.5400000     0.0000210
    10.5500002     0.0000148
    10.5600004     0.0000085
    10.5699997     0.0000023
    10.5799999    -0.0000039
    10.5900002    -0.0000100
    10.6000004    -0.0000160
    10.6099997    -0.0000219
    10.6199999    -0.0000275
    10.6300001    -0.0000330
    10.6400003    -0.0000383
    10.6499996    -0.0000434
    10.6599998    -0.0000484
    10.6700001    -0.0000531
    10.6800003    -0.0000576
    10.6899996    -0.0000619
    10.6999998    -0.0000658
    10.7100000    -0.0000695
    10.7200003    -0.0000729
    10.7299995    -0.0000759
    10.7399998    -0.0000784
    10.7500000    -0.0000805
    10.7600002    -0.0000821
    10.7700005    -0.0000830
    10.7799997    -0.0000834
    10.7900000    -0.0000830
    10.8000002    -0.0000819
    10.8100004    -0.0000800
    10.8199997    -0.0000773
    10.8299999    -0.0000737
    10.8400002    -0.0000692
    10.8500004    -0.0000637
    10.8599997    -0.0000573
    10.8699999    -0.0000499
    10.8800001    -0.0000417
    10.8900003    -0.0000327
    10.8999996    -0.0000229
    10.9099998    -0.0000125
    10.9200001    -0.0000015
    10.9300003     0.0000098
    10.9399996     0.0000214
    10.9499998     0.0000331
    10.9600000     0.0000448
    10.9700003     0.0000563
    10.9799995     0.0000675
    10.9899998     0.0000783
    11.0000000     0.0000886
    11.0100002     0.0000984
    11.0200005     0.0001075
    11.0299997     0.0001159
    11.0400000     0.0001237
    11.0500002     0.0001308
    11.0600004     0.0001373
    11.0699997     0.0001431
    11.0799999     0.0001483
    11.0900002     0.0001529
    11.1000004     0.0001569
    11.1099997     0.0001603
    11.1199999     0.0001632
    11.1300001     0.0001655
    11.1400003     0.0001672
    11.1499996     0.0001684
    11.1599998     0.0001689
    11.1700001     0.0001688
    11.1800003     0.0001680
    11.1899996     0.0001666
    11.1999998     0.0001644
    11.2100000     0.0001615
    11.2200003     0.0001579
    11.2299995     0.0001536
    11.2399998     0.0001485
    11.2500000     0.0001427
    11.2600002     0.0001363
    11.2700005     0.0001292
    11.2799997     0.0001214
    11.2900000     0.0001131
    11.3000002     0.0001043
    11.3100004     0.0000951
    11.3199997     0.0000854
    11.3299999     0.0000755
    11.3400002     0.0000654
    11.3500004     0.0000551
    11.3599997     0.0000447
    11.3699999     0.0000344
    11.3800001     0.0000242
    11.3900003     0.0000142
    11.3999996     0.0000044
    11.4099998    -0.0000051
    11.4200001    -0.0000142
    11.4300003    -0.0000230
    11.4399996    -0.0000312
    11.4499998    -0.0000390
    11.4600000    -0.0000463
    11.4700003    -0.0000531
    11.4799995    -0.0000594
    11.4899998    -0.0000651
    11.5000000    -0.0000704
    11.5100002    -0.0000751
    11.5200005    -0.0000794
    11.5299997    -0.0000833
    11.5400000    -0.0000867
    11.5500002    -0.0000898
    11.5600004    -0.0000926
    11.5699997    -0.0000951
    11.5799999    -0.0000974
    11.5900002    -0.0000996
    11.6000004    -0.0001016
    11.6099997    -0.0001035
    11.6199999    -0.0001054
    11.6300001    -0.0001074
    11.6400003    -0.0001093
    11.6499996    -0.0001114
    11.6599998    -0.0001135
    11.6700001    -0.0001157
    11.6800003    -0.0001181
    11.6899996    -0.0001206
    11.6999998    -0.0001232
    11.7100000    -0.0001258
    11.7200003    -0.0001285
    11.7299995    -0.0001311
    11.7399998    -0.0001337
    11.7500000    -0.0001362
    11.7600002    -0.0001385
    11.7700005    -0.0001406
    11.7799997    -0.0001424
    11.7900000    -0.0001440
    11.8000002    -0.0001452
    11.8100004    -0.0001461
    11.8199997    -0.0001467
    11.8299999    -0.0001469
    11.8400002    -0.0001469
    11.8500004    -0.0001465
    11.8599997    -0.0001459
    11.8699999    -0.0001450
    11.8800001    -0.0001438
    11.8900003    -0.0001424
    11.8999996    -0.0001407
    11.9099998    -0.0001387
    11.9200001    -0.0001365
    11.9300003    -0.0001340
    11.9399996    -0.0001312
    11.9499998    -0.0001282
    11.9600000    -0.0001249
    11.9700003    -0.0001214
    11.9799995    -0.0001177
    11.9899998    -0.0001138
    12.0000000    -0.0001099
    12.0100002    -0.0001058
    12.0200005    -0.0001016
    12.0299997    -0.0000973
    12.0400000    -0.0000929
    12.0500002    -0.0000885
    12.0600004    -0.0000840
    12.0699997    -0.0000794
    12.0799999    -0.0000748
    12.0900002    -0.0000700
    12.1000004    -0.0000650
    12.1099997    -0.0000600
    12.1199999    -0.0000547
    12.1300001    -0.0000492
    12.1400003    -0.0000436
    12.1499996    -0.0000377
    12.1599998    -0.0000316
    12.1700001    -0.0000254
    12.1800003    -0.0000189
    12.1899996    -0.0000124
    12.1999998    -0.0000057
    12.2100000     0.0000009
    12.2200003     0.0000074
    12.2299995     0.0000138
    12.2399998     0.0000198
    12.2500000     0.0000255
    12.2600002     0.0000308
    12.2700005     0.0000354
    12.2799997     0.0000395
    12.2900000     0.0000429
    12.3000002     0.0000456
    12.3100004     0.0000476
    12.3199997     0.0000488
    12.3299999     0.0000493
    12.3400002     0.0000490
    12.3500004     0.0000481
    12.3599997     0.0000465
    12.3699999     0.0000443
    12.3800001     0.0000416
    12.3900003     0.0000384
    12.3999996     0.0000347
    12.4099998     0.0000308
    12.4200001     0.0000265
    12.4300003     0.0000220
    12.4399996     0.0000175
    12.4499998     0.0000128
    12.4600000     0.0000082
    12.4700003     0.0000036
    12.4799995    -0.0000009
    12.4899998    -0.0000053
    12.5000000    -0.0000095
    12.5100002    -0.0000137
    12.5200005    -0.0000178
    12.5299997    -0.0000218
    12.5400000    -0.0000258
    12.5500002    -0.0000297
    12.5600004    -0.0000338
    12.5699997    -0.0000378
    12.5799999    -0.0000420
    12.5900002    -0.0000463
    12.6000004    -0.0000508
    12.6099997    -0.0000553
    12.6199999    -0.0000600
    12.6300001    -0.0000648
    12.6400003    -0.0000697
    12.6499996    -0.0000746
    12.6599998    -0.0000797
    12.6700001    -0.0000848
    12.6800003    -0.0000900
    12.6899996    -0.0000953
    12.6999998    -0.0001007
    12.7100000    -0.0001063
    12.7200003    -0.0001122
    12.7299995    -0.0001182
    12.7399998    -0.0001246
    12.7500000    -0.0001312
    12.7600002    -0.0001382
    12.7700005    -0.0001455
    12.7799997    -0.0001530
    12.7900000    -0.0001608
    12.8000002    -0.0001689
    12.8100004    -0.0001770
    12.8199997    -0.0001853
    12.8299999    -0.0001936
    12.8400002    -0.0002018
    12.8500004    -0.0002099
    12.8599997    -0.0002178
    12.8699999    -0.0002255
    12.8800001    -0.0002329
    12.8900003    -0.0002400
    12.8999996    -0.0002466
    12.9099998    -0.0002528
    12.9200001    -0.0002584
    12.9300003    -0.0002635
    12.9399996    -0.0002679
    12.9499998    -0.0002717
    12.9600000    -0.0002748
    12.9700003    -0.0002771
    12.9799995    -0.0002786
    12.9899998    -0.0002793
    13.0000000    -0.0002792
    13.0100002    -0.0002782
    13.0200005    -0.0002765
    13.0299997    -0.0002740
    13.0400000    -0.0002708
    13.0500002    -0.0002669
    13.0600004    -0.0002623
    13.0699997    -0.0002571
    13.0799999    -0.0002513
    13.0900002    -0.0002450
    13.1000004    -0.0002384
    13.1099997    -0.0002314
    13.1199999    -0.0002241
    13.1300001    -0.0002165
    13.1400003    -0.0002089
    13.1499996    -0.0002011
    13.1599998    -0.0001933
    13.1700001    -0.0001854
    13.1800003    -0.0001776
    13.1899996    -0.0001699
    13.1999998    -0.0001621
    13.2100000    -0.0001544
    13.2200003    -0.0001467
    13.2299995    -0.0001391
    13.2399998    -0.0001314
    13.2500000    -0.0001236
    13.2600002    -0.0001157
    13.2700005    -0.0001077
    13.2799997    -0.0000996
    13.2900000    -0.0000914
    13.3000002    -0.0000829
    13.3100004    -0.0000743
    13.3199997    -0.0000656
    13.3299999    -0.0000567
    13.3400002    -0.0000477
    13.3500004    -0.0000387
    13.3599997    -0.0000296
    13.3699999    -0.0000206
    13.3800001    -0.0000115
    13.3900003    -0.0000026
    13.3999996     0.0000062
    13.4099998     0.0000149
    13.4200001     0.0000235
    13.4300003     0.0000318
    13.4399996     0.0000400
    13.4499998     0.0000480
    13.4600000     0.0000558
    13.4700003     0.0000634
    13.4799995     0.0000708
    13.4899998     0.0000781
    13.5000000     0.0000853
    13.5100002     0.0000923
    13.5200005     0.0000993
    13.5299997     0.0001061
    13.5400000     0.0001129
    13.5500002     0.0001197
    13.5600004     0.0001264
    13.5699997     0.0001331
    13.5799999     0.0001398
    13.5900002     0.0001465
    13.6000004     0.0001531
    13.6099997     0.0001597
    13.6199999     0.0001662
    13.6300001     0.0001725
    13.6400003     0.0001787
    13.6499996     0.0001847
    13.6599998     0.0001903
    13.6700001     0.0001956
    13.6800003     0.0002005
    13.6899996     0.0002048
    13.6999998     0.0002086
    13.7100000     0.0002118
    13.7200003     0.0002143
    13.7299995     0.0002161
    13.7399998     0.0002171
    13.7500000     0.0002173
    13.7600002     0.0002168
    13.7700005     0.0002156
    13.7799997     0.0002137
    13.7900000     0.0002111
    13.8000002     0.0002079
    13.8100004     0.0002043
    13.8199997     0.0002002
    13.8299999     0.0001957
    13.8400002     0.0001911
    13.8500004     0.0001863
    13.8599997     0.0001815
    13.8699999     0.0001768
    13.8800001     0.0001722
    13.8900003     0.0001678
    13.8999996     0.0001637
    13.9099998     0.0001600
    13.9200001     0.0001566
    13.9300003     0.0001536
    13.9399996     0.0001510
    13.9499998     0.0001488
    13.9600000     0.0001469
    13.9700003     0.0001454
    13.9799995     0.0001442
    13.9899998     0.0001432
    14.0000000     0.0001425
    14.0100002     0.0001419
    14.0200005     0.0001415
    14.0299997     0.0001412
    14.0400000     0.0001409
    14.0500002     0.0001407
    14.0600004     0.0001405
    14.0699997     0.0001403
    14.0799999     0.0001400
    14.0900002     0.0001397
    14.1000004     0.0001392
    14.1099997     0.0001386
    14.1199999     0.0001378
    14.1300001     0.0001368
    14.1400003     0.0001355
    14.1499996     0.0001340
    14.1599998     0.0001322
    14.1700001     0.0001300
    14.1800003     0.0001275
    14.1899996     0.0001247
    14.1999998     0.0001215
    14.2100000     0.0001180
    14.2200003     0.0001142
    14.2299995     0.0001101
    14.2399998     0.0001058
    14.2500000     0.0001013
    14.2600002     0.0000966
    14.2700005     0.0000918
    14.2799997     0.0000869
    14.2900000     0.0000820
    14.3000002     0.0000771
    14.3100004     0.0000723
    14.3199997     0.0000675
    14.3299999     0.0000629
    14.3400002     0.0000584
    14.3500004     0.0000540
    14.3599997     0.0000499
    14.3699999     0.0000460
    14.3800001     0.0000423
    14.3900003     0.0000389
    14.3999996     0.0000357
    14.4099998     0.0000328
    14.4200001     0.0000302
    14.4300003     0.0000279
    14.4399996     0.0000259
    14.4499998     0.0000243
    14.4600000     0.0000229
    14.4700003     0.0000219
    14.4799995     0.0000213
    14.4899998     0.0000209
    14.5000000     0.0000210
    14.5100002     0.0000214
    14.5200005     0.0000221
    14.5299997     0.0000231
    14.5400000     0.0000245
    14.5500002     0.0000262
    14.5600004     0.0000281
    14.5699997     0.0000303
    14.5799999     0.0000327
    14.5900002     0.0000353
    14.6000004     0.0000380
    14.6099997     0.0000408
    14.6199999     0.0000437
    14.6300001     0.0000465
    14.6400003     0.0000493
    14.6499996     0.0000520
    14.6599998     0.0000545
    14.6700001     0.0000569
    14.6800003     0.0000589
    14.6899996     0.0000607
    14.6999998     0.0000621
    14.7100000     0.0000631
    14.7200003     0.0000637
    14.7299995     0.0000637
    14.7399998     0.0000633
    14.7500000     0.0000623
    14.7600002     0.0000607
    14.7700005     0.0000585
    14.7799997     0.0000557
    14.7900000     0.0000523
    14.8000002     0.0000483
    14.8100004     0.0000436
    14.8199997     0.0000384
    14.8299999     0.0000327
    14.8400002     0.0000264
    14.8500004     0.0000196
    14.8599997     0.0000124
    14.8699999     0.0000049
    14.8800001    -0.0000030
    14.8900003    -0.0000111
    14.8999996    -0.0000194
    14.9099998    -0.0000279
    14.9200001    -0.0000364
    14.9300003    -0.0000448
    14.9399996    -0.0000532
    14.9499998    -0.0000615
    14.9600000    -0.0000695
    14.9700003    -0.0000773
    14.9799995    -0.0000847
    14.9899998    -0.0000918
    15.0000000    -0.0000985
