     0.0000000     1.0000000
     0.0150000     0.9995504
     0.0300000     0.9982057
     0.0450000     0.9959787
     0.0600000     0.9928901
     0.0750000     0.9889682
     0.0900000     0.9842481
     0.1050000     0.9787705
     0.1200000     0.9725813
     0.1350000     0.9657298
     0.1500000     0.9582682
     0.1650000     0.9502502
     0.1800000     0.9417304
     0.1950000     0.9327626
     0.2100000     0.9233999
     0.2250000     0.9136931
     0.2400000     0.9036908
     0.2550000     0.8934387
     0.2700000     0.8829794
     0.2850000     0.8723522
     0.3000000     0.8615934
     0.3149999     0.8507361
     0.3299999     0.8398105
     0.3449999     0.8288438
     0.3599999     0.8178606
     0.3749999     0.8068834
     0.3899999     0.7959319
     0.4049999     0.7850241
     0.4199998     0.7741763
     0.4349998     0.7634030
     0.4499998     0.7527172
     0.4649998     0.7421305
     0.4799998     0.7316531
     0.4949998     0.7212942
     0.5099998     0.7110615
     0.5249997     0.7009619
     0.5399997     0.6910009
     0.5549997     0.6811834
     0.5699997     0.6715130
     0.5849997     0.6619923
     0.5999997     0.6526229
     0.6149997     0.6434052
     0.6299996     0.6343387
     0.6449996     0.6254217
     0.6599996     0.6166518
     0.6749996     0.6080255
     0.6899996     0.5995389
     0.7049996     0.5911877
     0.7199996     0.5829673
     0.7349995     0.5748736
     0.7499995     0.5669025
     0.7649995     0.5590501
     0.7799995     0.5513131
     0.7949995     0.5436885
     0.8099995     0.5361734
     0.8249995     0.5287649
     0.8399994     0.5214604
     0.8549994     0.5142571
     0.8699994     0.5071523
     0.8849994     0.5001440
     0.8999994     0.4932305
     0.9149994     0.4864113
     0.9299994     0.4796866
     0.9449993     0.4730580
     0.9599993     0.4665279
     0.9749993     0.4600991
     0.9899993     0.4537749
     1.0049993     0.4475585
     1.0199993     0.4414526
     1.0349993     0.4354590
     1.0499992     0.4295784
     1.0649992     0.4238107
     1.0799992     0.4181545
     1.0949992     0.4126079
     1.1099992     0.4071682
     1.1249992     0.4018324
     1.1399992     0.3965970
     1.1549991     0.3914586
     1.1699991     0.3864139
     1.1849991     0.3814595
     1.1999991     0.3765923
     1.2149991     0.3718091
     1.2299991     0.3671066
     1.2449991     0.3624813
     1.2599990     0.3579289
     1.2749990     0.3534447
     1.2899990     0.3490233
     1.3049990     0.3446588
     1.3199990     0.3403443
     1.3349990     0.3360734
     1.3499990     0.3318394
     1.3649989     0.3276363
     1.3799989     0.3234594
     1.3949989     0.3193049
     1.4099989     0.3151711
     1.4249989     0.3110575
     1.4399989     0.3069660
     1.4549989     0.3028998
     1.4699988     0.2988636
     1.4849988     0.2948638
     1.4999988     0.2909070
     1.5149988     0.2870005
     1.5299988     0.2831516
     1.5449988     0.2793670
     1.5599988     0.2756527
     1.5749987     0.2720132
     1.5899987     0.2684519
     1.6049987     0.2649702
     1.6199987     0.2615676
     1.6349987     0.2582419
     1.6499987     0.2549892
     1.6649987     0.2518042
     1.6799986     0.2486805
     1.6949986     0.2456113
     1.7099986     0.2425902
     1.7249986     0.2396111
     1.7399986     0.2366689
     1.7549986     0.2337601
     1.7699986     0.2308826
     1.7849985     0.2280355
     1.7999985     0.2252196
     1.8149985     0.2224365
     1.8299985     0.2196887
     1.8449985     0.2169786
     1.8599985     0.2143085
     1.8749985     0.2116799
     1.8899984     0.2090936
     1.9049984     0.2065490
     1.9199984     0.2040443
     1.9349984     0.2015768
     1.9499984     0.1991433
     1.9649984     0.1967396
     1.9799984     0.1943616
     1.9949983     0.1920052
     2.0099983     0.1896670
     2.0249984     0.1873446
     2.0399985     0.1850363
     2.0549986     0.1827419
     2.0699987     0.1804620
     2.0849988     0.1781978
     2.0999990     0.1759511
     2.1149991     0.1737236
     2.1299992     0.1715167
     2.1449993     0.1693312
     2.1599994     0.1671680
     2.1749995     0.1650270
     2.1899996     0.1629081
     2.2049997     0.1608112
     2.2199998     0.1587359
     2.2349999     0.1566823
     2.2500000     0.1546503
     2.2650001     0.1526400
     2.2800002     0.1506515
     2.2950003     0.1486848
     2.3100004     0.1467397
     2.3250005     0.1448157
     2.3400006     0.1429118
     2.3550007     0.1410270
     2.3700008     0.1391599
     2.3850009     0.1373086
     2.4000010     0.1354718
     2.4150012     0.1336480
     2.4300013     0.1318363
     2.4450014     0.1300362
     2.4600015     0.1282480
     2.4750016     0.1264727
     2.4900017     0.1247118
     2.5050018     0.1229675
     2.5200019     0.1212421
     2.5350020     0.1195380
     2.5500021     0.1178573
     2.5650022     0.1162018
     2.5800023     0.1145726
     2.5950024     0.1129701
     2.6100025     0.1113945
     2.6250026     0.1098456
     2.6400027     0.1083233
     2.6550028     0.1068277
     2.6700029     0.1053591
     2.6850030     0.1039183
     2.7000031     0.1025064
     2.7150033     0.1011243
     2.7300034     0.0997729
     2.7450035     0.0984527
     2.7600036     0.0971638
     2.7750037     0.0959058
     2.7900038     0.0946781
     2.8050039     0.0934799
     2.8200040     0.0923104
     2.8350041     0.0911688
     2.8500042     0.0900540
     2.8650043     0.0889650
     2.8800044     0.0879006
     2.8950045     0.0868596
     2.9100046     0.0858405
     2.9250047     0.0848419
     2.9400048     0.0838625
     2.9550049     0.0829007
     2.9700050     0.0819546
     2.9850051     0.0810222
     3.0000052     0.0801006
     3.0150054     0.0791863
     3.0300055     0.0782753
     3.0450056     0.0773632
     3.0600057     0.0764457
     3.0750058     0.0755192
     3.0900059     0.0745814
     3.1050060     0.0736314
     3.1200061     0.0726705
     3.1350062     0.0717020
     3.1500063     0.0707303
     3.1650064     0.0697618
     3.1800065     0.0688035
     3.1950066     0.0678624
     3.2100067     0.0669451
     3.2250068     0.0660570
     3.2400069     0.0652019
     3.2550070     0.0643816
     3.2700071     0.0635965
     3.2850072     0.0628451
     3.3000073     0.0621256
     3.3150074     0.0614357
     3.3300076     0.0607732
     3.3450077     0.0601361
     3.3600078     0.0595233
     3.3750079     0.0589335
     3.3900080     0.0583654
     3.4050081     0.0578174
     3.4200082     0.0572869
     3.4350083     0.0567707
     3.4500084     0.0562647
     3.4650085     0.0557643
     3.4800086     0.0552642
     3.4950087     0.0547597
     3.5100088     0.0542466
     3.5250089     0.0537219
     3.5400090     0.0531843
     3.5550091     0.0526339
     3.5700092     0.0520727
     3.5850093     0.0515042
     3.6000094     0.0509332
     3.6150095     0.0503652
     3.6300097     0.0498064
     3.6450098     0.0492630
     3.6600099     0.0487409
     3.6750100     0.0482453
     3.6900101     0.0477802
     3.7050102     0.0473485
     3.7200103     0.0469513
     3.7350104     0.0465881
     3.7500105     0.0462569
     3.7650106     0.0459546
     3.7800107     0.0456773
     3.7950108     0.0454208
     3.8100109     0.0451805
     3.8250110     0.0449519
     3.8400111     0.0447304
     3.8550112     0.0445116
     3.8700113     0.0442911
     3.8850114     0.0440644
     3.9000115     0.0438271
     3.9150116     0.0435749
     3.9300117     0.0433042
     3.9450119     0.0430119
     3.9600120     0.0426959
     3.9750121     0.0423557
     3.9900122     0.0419916
     4.0050120     0.0416057
     4.0200119     0.0412005
     4.0350118     0.0407798
     4.0500116     0.0403471
     4.0650115     0.0399059
     4.0800114     0.0394589
     4.0950112     0.0390085
     4.1100111     0.0385561
     4.1250110     0.0381027
     4.1400108     0.0376492
     4.1550107     0.0371969
     4.1700106     0.0367478
     4.1850104     0.0363054
     4.2000103     0.0358745
     4.2150102     0.0354617
     4.2300100     0.0350751
     4.2450099     0.0347233
     4.2600098     0.0344152
     4.2750096     0.0341590
     4.2900095     0.0339611
     4.3050094     0.0338255
     4.3200092     0.0337532
     4.3350091     0.0337420
     4.3500090     0.0337871
     4.3650088     0.0338810
     4.3800087     0.0340149
     4.3950086     0.0341790
     4.4100084     0.0343635
     4.4250083     0.0345587
     4.4400082     0.0347558
     4.4550080     0.0349469
     4.4700079     0.0351246
     4.4850078     0.0352823
     4.5000076     0.0354137
     4.5150075     0.0355131
     4.5300074     0.0355748
     4.5450072     0.0355935
     4.5600071     0.0355646
     4.5750070     0.0354842
     4.5900068     0.0353495
     4.6050067     0.0351590
     4.6200066     0.0349127
     4.6350064     0.0346122
     4.6500063     0.0342607
     4.6650062     0.0338624
     4.6800060     0.0334233
     4.6950059     0.0329499
     4.7100058     0.0324499
     4.7250056     0.0319316
     4.7400055     0.0314039
     4.7550054     0.0308760
     4.7700052     0.0303574
     4.7850051     0.0298572
     4.8000050     0.0293845
     4.8150048     0.0289477
     4.8300047     0.0285542
     4.8450046     0.0282102
     4.8600044     0.0279206
     4.8750043     0.0276886
     4.8900042     0.0275158
     4.9050040     0.0274026
     4.9200039     0.0273479
     4.9350038     0.0273498
     4.9500036     0.0274058
     4.9650035     0.0275127
     4.9800034     0.0276673
     4.9950032     0.0278659
     5.0100031     0.0281049
     5.0250030     0.0283802
     5.0400028     0.0286873
     5.0550027     0.0290212
     5.0700026     0.0293760
     5.0850024     0.0297453
     5.1000023     0.0301214
     5.1150022     0.0304963
     5.1300020     0.0308613
     5.1450019     0.0312077
     5.1600018     0.0315271
     5.1750016     0.0318118
     5.1900015     0.0320552
     5.2050014     0.0322523
     5.2200012     0.0323996
     5.2350011     0.0324955
     5.2500010     0.0325398
     5.2650008     0.0325340
     5.2800007     0.0324808
     5.2950006     0.0323838
     5.3100004     0.0322477
     5.3250003     0.0320771
     5.3400002     0.0318774
     5.3550000     0.0316536
     5.3699999     0.0314107
     5.3849998     0.0311533
     5.3999996     0.0308855
     5.4149995     0.0306110
     5.4299994     0.0303325
     5.4449992     0.0300520
     5.4599991     0.0297708
     5.4749990     0.0294892
     5.4899988     0.0292068
     5.5049987     0.0289228
     5.5199986     0.0286361
     5.5349984     0.0283456
     5.5499983     0.0280503
     5.5649981     0.0277495
     5.5799980     0.0274426
     5.5949979     0.0271291
     5.6099977     0.0268087
     5.6249976     0.0264812
     5.6399975     0.0261460
     5.6549973     0.0258021
     5.6699972     0.0254483
     5.6849971     0.0250831
     5.6999969     0.0247049
     5.7149968     0.0243122
     5.7299967     0.0239034
     5.7449965     0.0234773
     5.7599964     0.0230329
     5.7749963     0.0225692
     5.7899961     0.0220850
     5.8049960     0.0215791
     5.8199959     0.0210497
     5.8349957     0.0204941
     5.8499956     0.0199097
     5.8649955     0.0192933
     5.8799953     0.0186420
     5.8949952     0.0179538
     5.9099951     0.0172283
     5.9249949     0.0164673
     5.9399948     0.0156754
     5.9549947     0.0148599
     5.9699945     0.0140309
     5.9849944     0.0132011
     5.9999943     0.0123849
     6.0149941     0.0115974
     6.0299940     0.0108535
     6.0449939     0.0101673
     6.0599937     0.0095505
     6.0749936     0.0090123
     6.0899935     0.0085585
     6.1049933     0.0081909
     6.1199932     0.0079072
     6.1349931     0.0077014
     6.1499929     0.0075644
     6.1649928     0.0074844
     6.1799927     0.0074483
     6.1949925     0.0074424
     6.2099924     0.0074537
     6.2249923     0.0074709
     6.2399921     0.0074850
     6.2549920     0.0074894
     6.2699919     0.0074799
     6.2849917     0.0074543
     6.2999916     0.0074121
     6.3149915     0.0073543
     6.3299913     0.0072823
     6.3449912     0.0071982
     6.3599911     0.0071040
     6.3749909     0.0070019
     6.3899908     0.0068938
     6.4049907     0.0067815
     6.4199905     0.0066675
     6.4349904     0.0065543
     6.4499903     0.0064455
     6.4649901     0.0063451
     6.4799900     0.0062573
     6.4949899     0.0061870
     6.5099897     0.0061382
     6.5249896     0.0061145
     6.5399895     0.0061178
     6.5549893     0.0061487
     6.5699892     0.0062055
     6.5849891     0.0062848
     6.5999889     0.0063817
     6.6149888     0.0064897
     6.6299887     0.0066021
     6.6449885     0.0067116
     6.6599884     0.0068117
     6.6749883     0.0068967
     6.6899881     0.0069619
     6.7049880     0.0070045
     6.7199879     0.0070227
     6.7349877     0.0070162
     6.7499876     0.0069857
     6.7649875     0.0069329
     6.7799873     0.0068597
     6.7949872     0.0067684
     6.8099871     0.0066609
     6.8249869     0.0065391
     6.8399868     0.0064042
     6.8549867     0.0062571
     6.8699865     0.0060985
     6.8849864     0.0059287
     6.8999863     0.0057480
     6.9149861     0.0055569
     6.9299860     0.0053554
     6.9449859     0.0051438
     6.9599857     0.0049223
     6.9749856     0.0046906
     6.9899855     0.0044481
     7.0049853     0.0041944
     7.0199852     0.0039288
     7.0349851     0.0036510
     7.0499849     0.0033612
     7.0649848     0.0030604
     7.0799847     0.0027502
     7.0949845     0.0024332
     7.1099844     0.0021125
     7.1249843     0.0017912
     7.1399841     0.0014725
     7.1549840     0.0011593
     7.1699839     0.0008547
     7.1849837     0.0005613
     7.1999836     0.0002819
     7.2149835     0.0000196
     7.2299833    -0.0002222
     7.2449832    -0.0004394
     7.2599831    -0.0006277
     7.2749829    -0.0007829
     7.2899828    -0.0009010
     7.3049827    -0.0009787
     7.3199825    -0.0010140
     7.3349824    -0.0010065
     7.3499823    -0.0009574
     7.3649821    -0.0008700
     7.3799820    -0.0007488
     7.3949819    -0.0005995
     7.4099817    -0.0004283
     7.4249816    -0.0002415
     7.4399815    -0.0000448
     7.4549813     0.0001571
     7.4699812     0.0003608
     7.4849811     0.0005641
     7.4999809     0.0007661
     7.5149808     0.0009668
     7.5299807     0.0011667
     7.5449805     0.0013668
     7.5599804     0.0015676
     7.5749803     0.0017695
     7.5899801     0.0019717
     7.6049800     0.0021723
     7.6199799     0.0023685
     7.6349797     0.0025565
     7.6499796     0.0027322
     7.6649795     0.0028920
     7.6799793     0.0030332
     7.6949792     0.0031542
     7.7099791     0.0032555
     7.7249789     0.0033393
     7.7399788     0.0034091
     7.7549787     0.0034701
     7.7699785     0.0035282
     7.7849784     0.0035896
     7.7999783     0.0036608
     7.8149781     0.0037472
     7.8299780     0.0038540
     7.8449779     0.0039851
     7.8599777     0.0041433
     7.8749776     0.0043302
     7.8899775     0.0045461
     7.9049773     0.0047900
     7.9199772     0.0050596
     7.9349771     0.0053515
     7.9499769     0.0056611
     7.9649768     0.0059825
     7.9799767     0.0063094
     7.9949765     0.0066349
     8.0099764     0.0069520
     8.0249767     0.0072543
     8.0399771     0.0075361
     8.0549774     0.0077927
     8.0699778     0.0080206
     8.0849781     0.0082169
     8.0999784     0.0083802
     8.1149788     0.0085093
     8.1299791     0.0086042
     8.1449795     0.0086649
     8.1599798     0.0086929
     8.1749802     0.0086904
     8.1899805     0.0086604
     8.2049809     0.0086070
     8.2199812     0.0085351
     8.2349815     0.0084499
     8.2499819     0.0083568
     8.2649822     0.0082604
     8.2799826     0.0081645
     8.2949829     0.0080716
     8.3099833     0.0079828
     8.3249836     0.0078972
     8.3399839     0.0078128
     8.3549843     0.0077260
     8.3699846     0.0076321
     8.3849850     0.0075258
     8.3999853     0.0074018
     8.4149857     0.0072547
     8.4299860     0.0070801
     8.4449863     0.0068744
     8.4599867     0.0066354
     8.4749870     0.0063621
     8.4899874     0.0060548
     8.5049877     0.0057146
     8.5199881     0.0053436
     8.5349884     0.0049439
     8.5499887     0.0045182
     8.5649891     0.0040689
     8.5799894     0.0035988
     8.5949898     0.0031105
     8.6099901     0.0026070
     8.6249905     0.0020919
     8.6399908     0.0015692
     8.6549911     0.0010437
     8.6699915     0.0005209
     8.6849918     0.0000064
     8.6999922    -0.0004939
     8.7149925    -0.0009746
     8.7299929    -0.0014308
     8.7449932    -0.0018581
     8.7599936    -0.0022532
     8.7749939    -0.0026132
     8.7899942    -0.0029361
     8.8049946    -0.0032200
     8.8199949    -0.0034639
     8.8349953    -0.0036666
     8.8499956    -0.0038278
     8.8649960    -0.0039473
     8.8799963    -0.0040255
     8.8949966    -0.0040639
     8.9099970    -0.0040647
     8.9249973    -0.0040315
     8.9399977    -0.0039685
     8.9549980    -0.0038802
     8.9699984    -0.0037714
     8.9849987    -0.0036462
     8.9999990    -0.0035075
     9.0149994    -0.0033573
     9.0299997    -0.0031964
     9.0450001    -0.0030240
     9.0600004    -0.0028386
     9.0750008    -0.0026382
     9.0900011    -0.0024205
     9.1050014    -0.0021834
     9.1200018    -0.0019260
     9.1350021    -0.0016483
     9.1500025    -0.0013521
     9.1650028    -0.0010412
     9.1800032    -0.0007211
     9.1950035    -0.0003993
     9.2100039    -0.0000843
     9.2250042     0.0002147
     9.2400045     0.0004889
     9.2550049     0.0007304
     9.2700052     0.0009328
     9.2850056     0.0010916
     9.3000059     0.0012048
     9.3150063     0.0012721
     9.3300066     0.0012952
     9.3450069     0.0012770
     9.3600073     0.0012205
     9.3750076     0.0011291
     9.3900080     0.0010055
     9.4050083     0.0008520
     9.4200087     0.0006703
     9.4350090     0.0004618
     9.4500093     0.0002279
     9.4650097    -0.0000299
     9.4800100    -0.0003091
     9.4950104    -0.0006066
     9.5100107    -0.0009189
     9.5250111    -0.0012414
     9.5400114    -0.0015696
     9.5550117    -0.0018992
     9.5700121    -0.0022268
     9.5850124    -0.0025503
     9.6000128    -0.0028698
     9.6150131    -0.0031873
     9.6300135    -0.0035066
     9.6450138    -0.0038331
     9.6600142    -0.0041731
     9.6750145    -0.0045333
     9.6900148    -0.0049196
     9.7050152    -0.0053367
     9.7200155    -0.0057872
     9.7350159    -0.0062714
     9.7500162    -0.0067871
     9.7650166    -0.0073298
     9.7800169    -0.0078931
     9.7950172    -0.0084692
     9.8100176    -0.0090497
     9.8250179    -0.0096255
     9.8400183    -0.0101883
     9.8550186    -0.0107300
     9.8700190    -0.0112441
     9.8850193    -0.0117250
     9.9000196    -0.0121687
     9.9150200    -0.0125722
     9.9300203    -0.0129337
     9.9450207    -0.0132525
     9.9600210    -0.0135290
     9.9750214    -0.0137640
     9.9900217    -0.0139587
    10.0050220    -0.0141144
    10.0200224    -0.0142323
    10.0350227    -0.0143138
    10.0500231    -0.0143605
    10.0650234    -0.0143738
    10.0800238    -0.0143555
    10.0950241    -0.0143072
    10.1100245    -0.0142304
    10.1250248    -0.0141262
    10.1400251    -0.0139952
    10.1550255    -0.0138373
    10.1700258    -0.0136519
    10.1850262    -0.0134383
    10.2000265    -0.0131956
    10.2150269    -0.0129228
    10.2300272    -0.0126194
    10.2450275    -0.0122852
    10.2600279    -0.0119207
    10.2750282    -0.0115268
    10.2900286    -0.0111048
    10.3050289    -0.0106562
    10.3200293    -0.0101828
    10.3350296    -0.0096865
    10.3500299    -0.0091692
    10.3650303    -0.0086329
    10.3800306    -0.0080800
    10.3950310    -0.0075130
    10.4100313    -0.0069348
    10.4250317    -0.0063485
    10.4400320    -0.0057579
    10.4550323    -0.0051675
    10.4700327    -0.0045819
    10.4850330    -0.0040065
    10.5000334    -0.0034465
    10.5150337    -0.0029070
    10.5300341    -0.0023928
    10.5450344    -0.0019075
    10.5600348    -0.0014536
    10.5750351    -0.0010320
    10.5900354    -0.0006419
    10.6050358    -0.0002806
    10.6200361     0.0000559
    10.6350365     0.0003730
    10.6500368     0.0006767
    10.6650372     0.0009734
    10.6800375     0.0012696
    10.6950378     0.0015709
    10.7100382     0.0018828
    10.7250385     0.0022095
    10.7400389     0.0025543
    10.7550392     0.0029195
    10.7700396     0.0033061
    10.7850399     0.0037141
    10.8000402     0.0041419
    10.8150406     0.0045871
    10.8300409     0.0050460
    10.8450413     0.0055144
    10.8600416     0.0059875
    10.8750420     0.0064603
    10.8900423     0.0069278
    10.9050426     0.0073848
    10.9200430     0.0078269
    10.9350433     0.0082495
    10.9500437     0.0086491
    10.9650440     0.0090222
    10.9800444     0.0093663
    10.9950447     0.0096792
    11.0100451     0.0099596
    11.0250454     0.0102066
    11.0400457     0.0104200
    11.0550461     0.0106003
    11.0700464     0.0107488
    11.0850468     0.0108671
    11.1000471     0.0109576
    11.1150475     0.0110229
    11.1300478     0.0110662
    11.1450481     0.0110907
    11.1600485     0.0110994
    11.1750488     0.0110954
    11.1900492     0.0110810
    11.2050495     0.0110578
    11.2200499     0.0110267
    11.2350502     0.0109872
    11.2500505     0.0109377
    11.2650509     0.0108759
    11.2800512     0.0107982
    11.2950516     0.0107008
    11.3100519     0.0105796
    11.3250523     0.0104311
    11.3400526     0.0102527
    11.3550529     0.0100432
    11.3700533     0.0098031
    11.3850536     0.0095346
    11.4000540     0.0092414
    11.4150543     0.0089286
    11.4300547     0.0086023
    11.4450550     0.0082689
    11.4600554     0.0079350
    11.4750557     0.0076067
    11.4900560     0.0072892
    11.5050564     0.0069867
    11.5200567     0.0067025
    11.5350571     0.0064387
    11.5500574     0.0061970
    11.5650578     0.0059785
    11.5800581     0.0057844
    11.5950584     0.0056163
    11.6100588     0.0054760
    11.6250591     0.0053655
    11.6400595     0.0052873
    11.6550598     0.0052433
    11.6700602     0.0052354
    11.6850605     0.0052646
    11.7000608     0.0053310
    11.7150612     0.0054340
    11.7300615     0.0055721
    11.7450619     0.0057425
    11.7600622     0.0059415
    11.7750626     0.0061641
    11.7900629     0.0064042
    11.8050632     0.0066546
    11.8200636     0.0069073
    11.8350639     0.0071536
    11.8500643     0.0073851
    11.8650646     0.0075939
    11.8800650     0.0077730
    11.8950653     0.0079170
    11.9100657     0.0080214
    11.9250660     0.0080836
    11.9400663     0.0081021
    11.9550667     0.0080766
    11.9700670     0.0080081
    11.9850674     0.0078986
    12.0000677     0.0077516
    12.0150681     0.0075714
    12.0300684     0.0073635
    12.0450687     0.0071343
    12.0600691     0.0068905
    12.0750694     0.0066390
    12.0900698     0.0063864
    12.1050701     0.0061389
    12.1200705     0.0059019
    12.1350708     0.0056803
    12.1500711     0.0054778
    12.1650715     0.0052978
    12.1800718     0.0051425
    12.1950722     0.0050134
    12.2100725     0.0049108
    12.2250729     0.0048340
    12.2400732     0.0047812
    12.2550735     0.0047492
    12.2700739     0.0047345
    12.2850742     0.0047329
    12.3000746     0.0047401
    12.3150749     0.0047525
    12.3300753     0.0047670
    12.3450756     0.0047817
    12.3600760     0.0047958
    12.3750763     0.0048096
    12.3900766     0.0048242
    12.4050770     0.0048410
    12.4200773     0.0048616
    12.4350777     0.0048877
    12.4500780     0.0049202
    12.4650784     0.0049599
    12.4800787     0.0050071
    12.4950790     0.0050617
    12.5100794     0.0051235
    12.5250797     0.0051925
    12.5400801     0.0052686
    12.5550804     0.0053519
    12.5700808     0.0054421
    12.5850811     0.0055386
    12.6000814     0.0056399
    12.6150818     0.0057440
    12.6300821     0.0058478
    12.6450825     0.0059473
    12.6600828     0.0060381
    12.6750832     0.0061159
    12.6900835     0.0061768
    12.7050838     0.0062184
    12.7200842     0.0062396
    12.7350845     0.0062413
    12.7500849     0.0062264
    12.7650852     0.0061990
    12.7800856     0.0061645
    12.7950859     0.0061286
    12.8100863     0.0060970
    12.8250866     0.0060745
    12.8400869     0.0060651
    12.8550873     0.0060709
    12.8700876     0.0060926
    12.8850880     0.0061290
    12.9000883     0.0061769
    12.9150887     0.0062310
    12.9300890     0.0062849
    12.9450893     0.0063301
    12.9600897     0.0063578
    12.9750900     0.0063587
    12.9900904     0.0063241
    13.0050907     0.0062463
    13.0200911     0.0061195
    13.0350914     0.0059399
    13.0500917     0.0057054
    13.0650921     0.0054162
    13.0800924     0.0050738
    13.0950928     0.0046815
    13.1100931     0.0042436
    13.1250935     0.0037652
    13.1400938     0.0032527
    13.1550941     0.0027129
    13.1700945     0.0021535
    13.1850948     0.0015826
    13.2000952     0.0010086
    13.2150955     0.0004397
    13.2300959    -0.0001161
    13.2450962    -0.0006518
    13.2600965    -0.0011611
    13.2750969    -0.0016395
    13.2900972    -0.0020836
    13.3050976    -0.0024917
    13.3200979    -0.0028635
    13.3350983    -0.0031999
    13.3500986    -0.0035021
    13.3650990    -0.0037718
    13.3800993    -0.0040106
    13.3950996    -0.0042194
    13.4101000    -0.0043992
    13.4251003    -0.0045505
    13.4401007    -0.0046743
    13.4551010    -0.0047720
    13.4701014    -0.0048460
    13.4851017    -0.0048995
    13.5001020    -0.0049368
    13.5151024    -0.0049631
    13.5301027    -0.0049837
    13.5451031    -0.0050043
    13.5601034    -0.0050301
    13.5751038    -0.0050658
    13.5901041    -0.0051152
    13.6051044    -0.0051813
    13.6201048    -0.0052658
    13.6351051    -0.0053698
    13.6501055    -0.0054932
    13.6651058    -0.0056353
    13.6801062    -0.0057947
    13.6951065    -0.0059695
    13.7101068    -0.0061578
    13.7251072    -0.0063573
    13.7401075    -0.0065662
    13.7551079    -0.0067825
    13.7701082    -0.0070045
    13.7851086    -0.0072305
    13.8001089    -0.0074585
    13.8151093    -0.0076862
    13.8301096    -0.0079109
    13.8451099    -0.0081298
    13.8601103    -0.0083398
    13.8751106    -0.0085379
    13.8901110    -0.0087211
    13.9051113    -0.0088871
    13.9201117    -0.0090340
    13.9351120    -0.0091607
    13.9501123    -0.0092668
    13.9651127    -0.0093522
    13.9801130    -0.0094171
    13.9951134    -0.0094618
    14.0101137    -0.0094861
    14.0251141    -0.0094894
    14.0401144    -0.0094707
    14.0551147    -0.0094285
    14.0701151    -0.0093610
    14.0851154    -0.0092670
    14.1001158    -0.0091454
    14.1151161    -0.0089963
    14.1301165    -0.0088214
    14.1451168    -0.0086235
    14.1601171    -0.0084070
    14.1751175    -0.0081777
    14.1901178    -0.0079427
    14.2051182    -0.0077097
    14.2201185    -0.0074873
    14.2351189    -0.0072838
    14.2501192    -0.0071074
    14.2651196    -0.0069653
    14.2801199    -0.0068636
    14.2951202    -0.0068073
    14.3101206    -0.0067996
    14.3251209    -0.0068423
    14.3401213    -0.0069359
    14.3551216    -0.0070791
    14.3701220    -0.0072694
    14.3851223    -0.0075033
    14.4001226    -0.0077758
    14.4151230    -0.0080810
    14.4301233    -0.0084118
    14.4451237    -0.0087608
    14.4601240    -0.0091200
    14.4751244    -0.0094813
    14.4901247    -0.0098372
    14.5051250    -0.0101805
    14.5201254    -0.0105051
    14.5351257    -0.0108057
    14.5501261    -0.0110783
    14.5651264    -0.0113198
    14.5801268    -0.0115281
    14.5951271    -0.0117023
    14.6101274    -0.0118425
    14.6251278    -0.0119502
    14.6401281    -0.0120275
    14.6551285    -0.0120773
    14.6701288    -0.0121024
    14.6851292    -0.0121060
    14.7001295    -0.0120907
    14.7151299    -0.0120586
    14.7301302    -0.0120111
    14.7451305    -0.0119488
    14.7601309    -0.0118716
    14.7751312    -0.0117786
    14.7901316    -0.0116682
    14.8051319    -0.0115388
    14.8201323    -0.0113880
    14.8351326    -0.0112142
    14.8501329    -0.0110161
    14.8651333    -0.0107936
    14.8801336    -0.0105472
    14.8951340    -0.0102787
    14.9101343    -0.0099909
    14.9251347    -0.0096868
    14.9401350    -0.0093699
    14.9551353    -0.0090437
    14.9701357    -0.0087114
    14.9851360    -0.0083752
    15.0001364    -0.0080371
