     0.0000000     1.0000000
     0.0100000     0.9998000
     0.0200000     0.9992001
     0.0300000     0.9982006
     0.0400000     0.9968018
     0.0500000     0.9950045
     0.0600000     0.9928093
     0.0700000     0.9902172
     0.0800000     0.9872293
     0.0900000     0.9838469
     0.1000000     0.9800714
     0.1100000     0.9759045
     0.1200000     0.9713479
     0.1300000     0.9664035
     0.1400000     0.9610735
     0.1500000     0.9553601
     0.1600000     0.9492658
     0.1700000     0.9427930
     0.1800000     0.9359446
     0.1900000     0.9287234
     0.2000000     0.9211325
     0.2100000     0.9131751
     0.2200000     0.9048545
     0.2300000     0.8961742
     0.2400001     0.8871378
     0.2500001     0.8777492
     0.2600001     0.8680122
     0.2700000     0.8579309
     0.2800000     0.8475096
     0.2900000     0.8367525
     0.3000000     0.8256641
     0.3100000     0.8142490
     0.3200000     0.8025119
     0.3300000     0.7904577
     0.3400000     0.7780914
     0.3500000     0.7654180
     0.3600000     0.7524428
     0.3699999     0.7391712
     0.3799999     0.7256086
     0.3899999     0.7117606
     0.3999999     0.6976328
     0.4099999     0.6832312
     0.4199999     0.6685615
     0.4299999     0.6536298
     0.4399999     0.6384423
     0.4499999     0.6230052
     0.4599999     0.6073248
     0.4699998     0.5914075
     0.4799998     0.5752599
     0.4899998     0.5588885
     0.4999998     0.5423002
     0.5099998     0.5255016
     0.5199998     0.5084997
     0.5299998     0.4913015
     0.5399998     0.4739139
     0.5499998     0.4563440
     0.5599998     0.4385991
     0.5699998     0.4206863
     0.5799997     0.4026130
     0.5899997     0.3843865
     0.5999997     0.3660141
     0.6099997     0.3475033
     0.6199997     0.3288616
     0.6299997     0.3100965
     0.6399997     0.2912157
     0.6499997     0.2722268
     0.6599997     0.2531376
     0.6699997     0.2339557
     0.6799996     0.2146890
     0.6899996     0.1953454
     0.6999996     0.1759326
     0.7099996     0.1564586
     0.7199996     0.1369314
     0.7299996     0.1173589
     0.7399996     0.0977490
     0.7499996     0.0781099
     0.7599996     0.0584493
     0.7699996     0.0387754
     0.7799996     0.0190961
     0.7899995    -0.0005807
     0.7999995    -0.0202469
     0.8099995    -0.0398946
     0.8199995    -0.0595159
     0.8299995    -0.0791029
     0.8399995    -0.0986477
     0.8499995    -0.1181425
     0.8599995    -0.1375793
     0.8699995    -0.1569506
     0.8799995    -0.1762485
     0.8899994    -0.1954654
     0.8999994    -0.2145935
     0.9099994    -0.2336254
     0.9199994    -0.2525533
     0.9299994    -0.2713697
     0.9399994    -0.2900671
     0.9499994    -0.3086380
     0.9599994    -0.3270750
     0.9699994    -0.3453705
     0.9799994    -0.3635175
     0.9899994    -0.3815085
     0.9999993    -0.3993364
     1.0099994    -0.4169941
     1.0199994    -0.4344746
     1.0299994    -0.4517711
     1.0399994    -0.4688765
     1.0499994    -0.4857843
     1.0599993    -0.5024876
     1.0699993    -0.5189799
     1.0799993    -0.5352547
     1.0899993    -0.5513055
     1.0999993    -0.5671260
     1.1099993    -0.5827100
     1.1199993    -0.5980513
     1.1299993    -0.6131440
     1.1399993    -0.6279820
     1.1499993    -0.6425597
     1.1599993    -0.6568711
     1.1699992    -0.6709108
     1.1799992    -0.6846731
     1.1899992    -0.6981527
     1.1999992    -0.7113443
     1.2099992    -0.7242427
     1.2199992    -0.7368428
     1.2299992    -0.7491396
     1.2399992    -0.7611283
     1.2499992    -0.7728043
     1.2599992    -0.7841630
     1.2699991    -0.7952000
     1.2799991    -0.8059111
     1.2899991    -0.8162920
     1.2999991    -0.8263387
     1.3099991    -0.8360474
     1.3199991    -0.8454144
     1.3299991    -0.8544359
     1.3399991    -0.8631086
     1.3499991    -0.8714291
     1.3599991    -0.8793941
     1.3699991    -0.8870007
     1.3799990    -0.8942459
     1.3899990    -0.9011268
     1.3999990    -0.9076410
     1.4099990    -0.9137858
     1.4199990    -0.9195591
     1.4299990    -0.9249585
     1.4399990    -0.9299822
     1.4499990    -0.9346282
     1.4599990    -0.9388948
     1.4699990    -0.9427806
     1.4799989    -0.9462841
     1.4899989    -0.9494042
     1.4999989    -0.9521398
     1.5099989    -0.9544901
     1.5199989    -0.9564544
     1.5299989    -0.9580321
     1.5399989    -0.9592227
     1.5499989    -0.9600261
     1.5599989    -0.9604420
     1.5699989    -0.9604703
     1.5799989    -0.9601113
     1.5899988    -0.9593650
     1.5999988    -0.9582320
     1.6099988    -0.9567127
     1.6199988    -0.9548079
     1.6299988    -0.9525185
     1.6399988    -0.9498455
     1.6499988    -0.9467902
     1.6599988    -0.9433539
     1.6699988    -0.9395382
     1.6799988    -0.9353447
     1.6899987    -0.9307754
     1.6999987    -0.9258322
     1.7099987    -0.9205174
     1.7199987    -0.9148333
     1.7299987    -0.9087822
     1.7399987    -0.9023670
     1.7499987    -0.8955902
     1.7599987    -0.8884549
     1.7699987    -0.8809641
     1.7799987    -0.8731211
     1.7899987    -0.8649293
     1.7999986    -0.8563921
     1.8099986    -0.8475133
     1.8199986    -0.8382967
     1.8299986    -0.8287463
     1.8399986    -0.8188660
     1.8499986    -0.8086601
     1.8599986    -0.7981328
     1.8699986    -0.7872886
     1.8799986    -0.7761320
     1.8899986    -0.7646677
     1.8999985    -0.7529005
     1.9099985    -0.7408354
     1.9199985    -0.7284774
     1.9299985    -0.7158317
     1.9399985    -0.7029035
     1.9499985    -0.6896984
     1.9599985    -0.6762217
     1.9699985    -0.6624790
     1.9799985    -0.6484760
     1.9899985    -0.6342184
     1.9999985    -0.6197122
     2.0099986    -0.6049631
     2.0199986    -0.5899773
     2.0299985    -0.5747608
     2.0399985    -0.5593199
     2.0499985    -0.5436609
     2.0599985    -0.5277902
     2.0699985    -0.5117143
     2.0799985    -0.4954397
     2.0899985    -0.4789731
     2.0999985    -0.4623212
     2.1099985    -0.4454906
     2.1199985    -0.4284883
     2.1299984    -0.4113211
     2.1399984    -0.3939960
     2.1499984    -0.3765200
     2.1599984    -0.3589002
     2.1699984    -0.3411437
     2.1799984    -0.3232577
     2.1899984    -0.3052493
     2.1999984    -0.2871259
     2.2099984    -0.2688949
     2.2199984    -0.2505634
     2.2299984    -0.2321391
     2.2399983    -0.2136292
     2.2499983    -0.1950414
     2.2599983    -0.1763832
     2.2699983    -0.1576620
     2.2799983    -0.1388855
     2.2899983    -0.1200613
     2.2999983    -0.1011971
     2.3099983    -0.0823005
     2.3199983    -0.0633791
     2.3299983    -0.0444407
     2.3399982    -0.0254930
     2.3499982    -0.0065436
     2.3599982     0.0123997
     2.3699982     0.0313292
     2.3799982     0.0502371
     2.3899982     0.0691159
     2.3999982     0.0879579
     2.4099982     0.1067554
     2.4199982     0.1255009
     2.4299982     0.1441867
     2.4399981     0.1628055
     2.4499981     0.1813498
     2.4599981     0.1998121
     2.4699981     0.2181852
     2.4799981     0.2364616
     2.4899981     0.2546341
     2.4999981     0.2726956
     2.5099981     0.2906387
     2.5199981     0.3084565
     2.5299981     0.3261419
     2.5399981     0.3436877
     2.5499980     0.3610872
     2.5599980     0.3783334
     2.5699980     0.3954195
     2.5799980     0.4123386
     2.5899980     0.4290841
     2.5999980     0.4456492
     2.6099980     0.4620273
     2.6199980     0.4782119
     2.6299980     0.4941964
     2.6399980     0.5099745
     2.6499979     0.5255398
     2.6599979     0.5408860
     2.6699979     0.5560072
     2.6799979     0.5708971
     2.6899979     0.5855498
     2.6999979     0.5999594
     2.7099979     0.6141202
     2.7199979     0.6280264
     2.7299979     0.6416724
     2.7399979     0.6550526
     2.7499979     0.6681618
     2.7599978     0.6809946
     2.7699978     0.6935459
     2.7799978     0.7058106
     2.7899978     0.7177840
     2.7999978     0.7294614
     2.8099978     0.7408383
     2.8199978     0.7519102
     2.8299978     0.7626730
     2.8399978     0.7731226
     2.8499978     0.7832550
     2.8599977     0.7930664
     2.8699977     0.8025531
     2.8799977     0.8117116
     2.8899977     0.8205383
     2.8999977     0.8290300
     2.9099977     0.8371834
     2.9199977     0.8449954
     2.9299977     0.8524629
     2.9399977     0.8595832
     2.9499977     0.8663533
     2.9599977     0.8727708
     2.9699976     0.8788332
     2.9799976     0.8845383
     2.9899976     0.8898840
     2.9999976     0.8948682
     3.0099976     0.8994893
     3.0199976     0.9037455
     3.0299976     0.9076353
     3.0399976     0.9111574
     3.0499976     0.9143104
     3.0599976     0.9170933
     3.0699975     0.9195050
     3.0799975     0.9215448
     3.0899975     0.9232119
     3.0999975     0.9245058
     3.1099975     0.9254260
     3.1199975     0.9259722
     3.1299975     0.9261444
     3.1399975     0.9259425
     3.1499975     0.9253668
     3.1599975     0.9244177
     3.1699975     0.9230956
     3.1799974     0.9214014
     3.1899974     0.9193361
     3.1999974     0.9169007
     3.2099974     0.9140966
     3.2199974     0.9109252
     3.2299974     0.9073882
     3.2399974     0.9034874
     3.2499974     0.8992246
     3.2599974     0.8946020
     3.2699974     0.8896216
     3.2799973     0.8842857
     3.2899973     0.8785966
     3.2999973     0.8725567
     3.3099973     0.8661687
     3.3199973     0.8594351
     3.3299973     0.8523588
     3.3399973     0.8449428
     3.3499973     0.8371901
     3.3599973     0.8291039
     3.3699973     0.8206877
     3.3799973     0.8119451
     3.3899972     0.8028795
     3.3999972     0.7934949
     3.4099972     0.7837952
     3.4199972     0.7737845
     3.4299972     0.7634668
     3.4399972     0.7528467
     3.4499972     0.7419284
     3.4599972     0.7307166
     3.4699972     0.7192159
     3.4799972     0.7074312
     3.4899971     0.6953673
     3.4999971     0.6830292
     3.5099971     0.6704222
     3.5199971     0.6575514
     3.5299971     0.6444221
     3.5399971     0.6310400
     3.5499971     0.6174104
     3.5599971     0.6035391
     3.5699971     0.5894317
     3.5799971     0.5750940
     3.5899971     0.5605319
     3.5999970     0.5457513
     3.6099970     0.5307581
     3.6199970     0.5155585
     3.6299970     0.5001587
     3.6399970     0.4845647
     3.6499970     0.4687831
     3.6599970     0.4528200
     3.6699970     0.4366820
     3.6799970     0.4203756
     3.6899970     0.4039075
     3.6999969     0.3872842
     3.7099969     0.3705127
     3.7199969     0.3535999
     3.7299969     0.3365527
     3.7399969     0.3193783
     3.7499969     0.3020837
     3.7599969     0.2846761
     3.7699969     0.2671624
     3.7799969     0.2495499
     3.7899969     0.2318457
     3.7999969     0.2140569
     3.8099968     0.1961906
     3.8199968     0.1782541
     3.8299968     0.1602546
     3.8399968     0.1421994
     3.8499968     0.1240957
     3.8599968     0.1059508
     3.8699968     0.0877720
     3.8799968     0.0695666
     3.8899968     0.0513420
     3.8999968     0.0331053
     3.9099967     0.0148640
     3.9199967    -0.0033748
     3.9299967    -0.0216037
     3.9399967    -0.0398155
     3.9499967    -0.0580029
     3.9599967    -0.0761586
     3.9699967    -0.0942754
     3.9799967    -0.1123462
     3.9899967    -0.1303636
     3.9999967    -0.1483206
     4.0099969    -0.1662100
     4.0199971    -0.1840245
     4.0299973    -0.2017570
     4.0399976    -0.2194004
     4.0499978    -0.2369476
     4.0599980    -0.2543915
     4.0699983    -0.2717250
     4.0799985    -0.2889412
     4.0899987    -0.3060331
     4.0999990    -0.3229938
     4.1099992    -0.3398166
     4.1199994    -0.3564945
     4.1299996    -0.3730209
     4.1399999    -0.3893890
     4.1500001    -0.4055922
     4.1600003    -0.4216240
     4.1700006    -0.4374779
     4.1800008    -0.4531474
     4.1900010    -0.4686264
     4.2000012    -0.4839087
     4.2100015    -0.4989883
     4.2200017    -0.5138591
     4.2300019    -0.5285154
     4.2400022    -0.5429513
     4.2500024    -0.5571611
     4.2600026    -0.5711391
     4.2700028    -0.5848800
     4.2800031    -0.5983782
     4.2900033    -0.6116285
     4.3000035    -0.6246256
     4.3100038    -0.6373645
     4.3200040    -0.6498402
     4.3300042    -0.6620479
     4.3400044    -0.6739828
     4.3500047    -0.6856402
     4.3600049    -0.6970158
     4.3700051    -0.7081052
     4.3800054    -0.7189041
     4.3900056    -0.7294083
     4.4000058    -0.7396140
     4.4100060    -0.7495171
     4.4200063    -0.7591140
     4.4300065    -0.7684008
     4.4400067    -0.7773741
     4.4500070    -0.7860303
     4.4600072    -0.7943660
     4.4700074    -0.8023780
     4.4800076    -0.8100632
     4.4900079    -0.8174185
     4.5000081    -0.8244410
     4.5100083    -0.8311281
     4.5200086    -0.8374770
     4.5300088    -0.8434852
     4.5400090    -0.8491503
     4.5500093    -0.8544701
     4.5600095    -0.8594425
     4.5700097    -0.8640656
     4.5800099    -0.8683375
     4.5900102    -0.8722567
     4.6000104    -0.8758217
     4.6100106    -0.8790312
     4.6200109    -0.8818841
     4.6300111    -0.8843792
     4.6400113    -0.8865157
     4.6500115    -0.8882928
     4.6600118    -0.8897099
     4.6700120    -0.8907666
     4.6800122    -0.8914625
     4.6900125    -0.8917976
     4.7000127    -0.8917716
     4.7100129    -0.8913850
     4.7200131    -0.8906378
     4.7300134    -0.8895306
     4.7400136    -0.8880640
     4.7500138    -0.8862388
     4.7600141    -0.8840557
     4.7700143    -0.8815160
     4.7800145    -0.8786207
     4.7900147    -0.8753713
     4.8000150    -0.8717694
     4.8100152    -0.8678165
     4.8200154    -0.8635145
     4.8300157    -0.8588655
     4.8400159    -0.8538715
     4.8500161    -0.8485348
     4.8600163    -0.8428576
     4.8700166    -0.8368426
     4.8800168    -0.8304921
     4.8900170    -0.8238091
     4.9000173    -0.8167962
     4.9100175    -0.8094564
     4.9200177    -0.8017929
     4.9300179    -0.7938089
     4.9400182    -0.7855079
     4.9500184    -0.7768932
     4.9600186    -0.7679688
     4.9700189    -0.7587383
     4.9800191    -0.7492057
     4.9900193    -0.7393752
     5.0000196    -0.7292510
     5.0100198    -0.7188375
     5.0200200    -0.7081391
     5.0300202    -0.6971604
     5.0400205    -0.6859061
     5.0500207    -0.6743809
     5.0600209    -0.6625896
     5.0700212    -0.6505370
     5.0800214    -0.6382281
     5.0900216    -0.6256680
     5.1000218    -0.6128619
     5.1100221    -0.5998150
     5.1200223    -0.5865327
     5.1300225    -0.5730206
     5.1400228    -0.5592841
     5.1500230    -0.5453291
     5.1600232    -0.5311611
     5.1700234    -0.5167862
     5.1800237    -0.5022102
     5.1900239    -0.4874391
     5.2000241    -0.4724791
     5.2100244    -0.4573363
     5.2200246    -0.4420168
     5.2300248    -0.4265269
     5.2400250    -0.4108728
     5.2500253    -0.3950608
     5.2600255    -0.3790973
     5.2700257    -0.3629886
     5.2800260    -0.3467412
     5.2900262    -0.3303615
     5.3000264    -0.3138561
     5.3100266    -0.2972317
     5.3200269    -0.2804949
     5.3300271    -0.2636526
     5.3400273    -0.2467114
     5.3500276    -0.2296783
     5.3600278    -0.2125601
     5.3700280    -0.1953638
     5.3800282    -0.1780964
     5.3900285    -0.1607650
     5.4000287    -0.1433765
     5.4100289    -0.1259382
     5.4200292    -0.1084573
     5.4300294    -0.0909408
     5.4400296    -0.0733960
     5.4500299    -0.0558302
     5.4600301    -0.0382504
     5.4700303    -0.0206639
     5.4800305    -0.0030777
     5.4900308     0.0145008
     5.5000310     0.0320647
     5.5100312     0.0496067
     5.5200315     0.0671198
     5.5300317     0.0845967
     5.5400319     0.1020305
     5.5500321     0.1194141
     5.5600324     0.1367405
     5.5700326     0.1540027
     5.5800328     0.1711940
     5.5900331     0.1883074
     5.6000333     0.2053361
     5.6100335     0.2222732
     5.6200337     0.2391121
     5.6300340     0.2558459
     5.6400342     0.2724681
     5.6500344     0.2889718
     5.6600347     0.3053507
     5.6700349     0.3215982
     5.6800351     0.3377079
     5.6900353     0.3536733
     5.7000356     0.3694880
     5.7100358     0.3851459
     5.7200360     0.4006405
     5.7300363     0.4159657
     5.7400365     0.4311153
     5.7500367     0.4460832
     5.7600369     0.4608635
     5.7700372     0.4754501
     5.7800374     0.4898373
     5.7900376     0.5040195
     5.8000379     0.5179909
     5.8100381     0.5317462
     5.8200383     0.5452800
     5.8300385     0.5585869
     5.8400388     0.5716617
     5.8500390     0.5844993
     5.8600392     0.5970946
     5.8700395     0.6094426
     5.8800397     0.6215385
     5.8900399     0.6333774
     5.9000401     0.6449548
     5.9100404     0.6562661
     5.9200406     0.6673068
     5.9300408     0.6780725
     5.9400411     0.6885592
     5.9500413     0.6987626
     5.9600415     0.7086787
     5.9700418     0.7183036
     5.9800420     0.7276337
     5.9900422     0.7366653
     6.0000424     0.7453948
     6.0100427     0.7538188
     6.0200429     0.7619341
     6.0300431     0.7697376
     6.0400434     0.7772262
     6.0500436     0.7843971
     6.0600438     0.7912476
     6.0700440     0.7977752
     6.0800443     0.8039773
     6.0900445     0.8098517
     6.1000447     0.8153962
     6.1100450     0.8206086
     6.1200452     0.8254871
     6.1300454     0.8300298
     6.1400456     0.8342351
     6.1500459     0.8381014
     6.1600461     0.8416275
     6.1700463     0.8448119
     6.1800466     0.8476537
     6.1900468     0.8501519
     6.2000470     0.8523056
     6.2100472     0.8541142
     6.2200475     0.8555771
     6.2300477     0.8566939
     6.2400479     0.8574643
     6.2500482     0.8578882
     6.2600484     0.8579654
     6.2700486     0.8576962
     6.2800488     0.8570808
     6.2900491     0.8561195
     6.3000493     0.8548129
     6.3100495     0.8531617
     6.3200498     0.8511666
     6.3300500     0.8488287
     6.3400502     0.8461489
     6.3500504     0.8431286
     6.3600507     0.8397690
     6.3700509     0.8360715
     6.3800511     0.8320379
     6.3900514     0.8276698
     6.4000516     0.8229693
     6.4100518     0.8179383
     6.4200521     0.8125791
     6.4300523     0.8068940
     6.4400525     0.8008856
     6.4500527     0.7945565
     6.4600530     0.7879094
     6.4700532     0.7809471
     6.4800534     0.7736726
     6.4900537     0.7660890
     6.5000539     0.7581995
     6.5100541     0.7500074
     6.5200543     0.7415161
     6.5300546     0.7327293
     6.5400548     0.7236506
     6.5500550     0.7142840
     6.5600553     0.7046333
     6.5700555     0.6947026
     6.5800557     0.6844961
     6.5900559     0.6740180
     6.6000562     0.6632726
     6.6100564     0.6522644
     6.6200566     0.6409978
     6.6300569     0.6294775
     6.6400571     0.6177081
     6.6500573     0.6056945
     6.6600575     0.5934416
     6.6700578     0.5809545
     6.6800580     0.5682383
     6.6900582     0.5552984
     6.7000585     0.5421401
     6.7100587     0.5287692
     6.7200589     0.5151910
     6.7300591     0.5014115
     6.7400594     0.4874363
     6.7500596     0.4732711
     6.7600598     0.4589220
     6.7700601     0.4443946
     6.7800603     0.4296950
     6.7900605     0.4148291
     6.8000607     0.3998030
     6.8100610     0.3846227
     6.8200612     0.3692944
     6.8300614     0.3538245
     6.8400617     0.3382191
     6.8500619     0.3224847
     6.8600621     0.3066277
     6.8700624     0.2906547
     6.8800626     0.2745722
     6.8900628     0.2583868
     6.9000630     0.2421053
     6.9100633     0.2257342
     6.9200635     0.2092803
     6.9300637     0.1927504
     6.9400640     0.1761511
     6.9500642     0.1594893
     6.9600644     0.1427717
     6.9700646     0.1260051
     6.9800649     0.1091963
     6.9900651     0.0923521
     7.0000653     0.0754793
     7.0100656     0.0585848
     7.0200658     0.0416753
     7.0300660     0.0247575
     7.0400662     0.0078384
     7.0500665    -0.0090752
     7.0600667    -0.0259767
     7.0700669    -0.0428590
     7.0800672    -0.0597155
     7.0900674    -0.0765392
     7.1000676    -0.0933233
     7.1100678    -0.1100612
     7.1200681    -0.1267459
     7.1300683    -0.1433708
     7.1400685    -0.1599291
     7.1500688    -0.1764143
     7.1600690    -0.1928197
     7.1700692    -0.2091388
     7.1800694    -0.2253651
     7.1900697    -0.2414921
     7.2000699    -0.2575136
     7.2100701    -0.2734232
     7.2200704    -0.2892146
     7.2300706    -0.3048816
     7.2400708    -0.3204179
     7.2500710    -0.3358176
     7.2600713    -0.3510744
     7.2700715    -0.3661825
     7.2800717    -0.3811359
     7.2900720    -0.3959287
     7.3000722    -0.4105551
     7.3100724    -0.4250096
     7.3200727    -0.4392864
     7.3300729    -0.4533800
     7.3400731    -0.4672849
     7.3500733    -0.4809957
     7.3600736    -0.4945070
     7.3700738    -0.5078134
     7.3800740    -0.5209098
     7.3900743    -0.5337908
     7.4000745    -0.5464514
     7.4100747    -0.5588867
     7.4200749    -0.5710916
     7.4300752    -0.5830615
     7.4400754    -0.5947914
     7.4500756    -0.6062769
     7.4600759    -0.6175133
     7.4700761    -0.6284962
     7.4800763    -0.6392211
     7.4900765    -0.6496837
     7.5000768    -0.6598800
     7.5100770    -0.6698059
     7.5200772    -0.6794576
     7.5300775    -0.6888312
     7.5400777    -0.6979232
     7.5500779    -0.7067301
     7.5600781    -0.7152482
     7.5700784    -0.7234744
     7.5800786    -0.7314053
     7.5900788    -0.7390380
     7.6000791    -0.7463693
     7.6100793    -0.7533966
     7.6200795    -0.7601171
     7.6300797    -0.7665283
     7.6400800    -0.7726276
     7.6500802    -0.7784127
     7.6600804    -0.7838814
     7.6700807    -0.7890315
     7.6800809    -0.7938609
     7.6900811    -0.7983678
     7.7000813    -0.8025505
     7.7100816    -0.8064073
     7.7200818    -0.8099368
     7.7300820    -0.8131378
     7.7400823    -0.8160091
     7.7500825    -0.8185497
     7.7600827    -0.8207586
     7.7700830    -0.8226353
     7.7800832    -0.8241790
     7.7900834    -0.8253892
     7.8000836    -0.8262657
     7.8100839    -0.8268082
     7.8200841    -0.8270165
     7.8300843    -0.8268905
     7.8400846    -0.8264306
     7.8500848    -0.8256367
     7.8600850    -0.8245094
     7.8700852    -0.8230491
     7.8800855    -0.8212565
     7.8900857    -0.8191323
     7.9000859    -0.8166774
     7.9100862    -0.8138928
     7.9200864    -0.8107798
     7.9300866    -0.8073396
     7.9400868    -0.8035736
     7.9500871    -0.7994833
     7.9600873    -0.7950705
     7.9700875    -0.7903370
     7.9800878    -0.7852848
     7.9900880    -0.7799160
     8.0000877    -0.7742331
     8.0100880    -0.7682384
     8.0200882    -0.7619346
     8.0300884    -0.7553244
     8.0400887    -0.7484107
     8.0500889    -0.7411965
     8.0600891    -0.7336849
     8.0700893    -0.7258793
     8.0800896    -0.7177830
     8.0900898    -0.7093998
     8.1000900    -0.7007332
     8.1100903    -0.6917871
     8.1200905    -0.6825653
     8.1300907    -0.6730720
     8.1400909    -0.6633112
     8.1500912    -0.6532870
     8.1600914    -0.6430038
     8.1700916    -0.6324659
     8.1800919    -0.6216778
     8.1900921    -0.6106440
     8.2000923    -0.5993691
     8.2100925    -0.5878579
     8.2200928    -0.5761151
     8.2300930    -0.5641456
     8.2400932    -0.5519543
     8.2500935    -0.5395463
     8.2600937    -0.5269266
     8.2700939    -0.5141003
     8.2800941    -0.5010728
     8.2900944    -0.4878492
     8.3000946    -0.4744349
     8.3100948    -0.4608353
     8.3200951    -0.4470561
     8.3300953    -0.4331028
     8.3400955    -0.4189811
     8.3500957    -0.4046969
     8.3600960    -0.3902561
     8.3700962    -0.3756644
     8.3800964    -0.3609280
     8.3900967    -0.3460527
     8.4000969    -0.3310448
     8.4100971    -0.3159102
     8.4200974    -0.3006553
     8.4300976    -0.2852862
     8.4400978    -0.2698093
     8.4500980    -0.2542309
     8.4600983    -0.2385575
     8.4700985    -0.2227957
     8.4800987    -0.2069518
     8.4900990    -0.1910324
     8.5000992    -0.1750442
     8.5100994    -0.1589937
     8.5200996    -0.1428875
     8.5300999    -0.1267322
     8.5401001    -0.1105345
     8.5501003    -0.0943010
     8.5601006    -0.0780383
     8.5701008    -0.0617529
     8.5801010    -0.0454514
     8.5901012    -0.0291404
     8.6001015    -0.0128265
     8.6101017     0.0034838
     8.6201019     0.0197840
     8.6301022     0.0360674
     8.6401024     0.0523274
     8.6501026     0.0685576
     8.6601028     0.0847513
     8.6701031     0.1009021
     8.6801033     0.1170035
     8.6901035     0.1330490
     8.7001038     0.1490323
     8.7101040     0.1649468
     8.7201042     0.1807863
     8.7301044     0.1965445
     8.7401047     0.2122150
     8.7501049     0.2277917
     8.7601051     0.2432685
     8.7701054     0.2586393
     8.7801056     0.2738981
     8.7901058     0.2890390
     8.8001060     0.3040560
     8.8101063     0.3189432
     8.8201065     0.3336949
     8.8301067     0.3483053
     8.8401070     0.3627684
     8.8501072     0.3770786
     8.8601074     0.3912302
     8.8701077     0.4052175
     8.8801079     0.4190349
     8.8901081     0.4326768
     8.9001083     0.4461378
     8.9101086     0.4594126
     8.9201088     0.4724958
     8.9301090     0.4853824
     8.9401093     0.4980671
     8.9501095     0.5105452
     8.9601097     0.5228117
     8.9701099     0.5348618
     8.9801102     0.5466910
     8.9901104     0.5582946
     9.0001106     0.5696682
     9.0101109     0.5808072
     9.0201111     0.5917074
     9.0301113     0.6023643
     9.0401115     0.6127738
     9.0501118     0.6229316
     9.0601120     0.6328338
     9.0701122     0.6424764
     9.0801125     0.6518555
     9.0901127     0.6609676
     9.1001129     0.6698090
     9.1101131     0.6783764
     9.1201134     0.6866664
     9.1301136     0.6946758
     9.1401138     0.7024014
     9.1501141     0.7098403
     9.1601143     0.7169895
     9.1701145     0.7238462
     9.1801147     0.7304078
     9.1901150     0.7366718
     9.2001152     0.7426357
     9.2101154     0.7482972
     9.2201157     0.7536544
     9.2301159     0.7587051
     9.2401161     0.7634475
     9.2501163     0.7678798
     9.2601166     0.7720004
     9.2701168     0.7758075
     9.2801170     0.7792999
     9.2901173     0.7824761
     9.3001175     0.7853349
     9.3101177     0.7878754
     9.3201180     0.7900965
     9.3301182     0.7919974
     9.3401184     0.7935775
     9.3501186     0.7948361
     9.3601189     0.7957729
     9.3701191     0.7963874
     9.3801193     0.7966795
     9.3901196     0.7966492
     9.4001198     0.7962967
     9.4101200     0.7956222
     9.4201202     0.7946264
     9.4301205     0.7933097
     9.4401207     0.7916729
     9.4501209     0.7897170
     9.4601212     0.7874428
     9.4701214     0.7848514
     9.4801216     0.7819440
     9.4901218     0.7787220
     9.5001221     0.7751867
     9.5101223     0.7713396
     9.5201225     0.7671825
     9.5301228     0.7627171
     9.5401230     0.7579454
     9.5501232     0.7528694
     9.5601234     0.7474912
     9.5701237     0.7418131
     9.5801239     0.7358375
     9.5901241     0.7295670
     9.6001244     0.7230043
     9.6101246     0.7161522
     9.6201248     0.7090138
     9.6301250     0.7015921
     9.6401253     0.6938905
     9.6501255     0.6859122
     9.6601257     0.6776607
     9.6701260     0.6691396
     9.6801262     0.6603525
     9.6901264     0.6513032
     9.7001266     0.6419957
     9.7101269     0.6324340
     9.7201271     0.6226221
     9.7301273     0.6125642
     9.7401276     0.6022645
     9.7501278     0.5917272
     9.7601280     0.5809566
     9.7701283     0.5699571
     9.7801285     0.5587330
     9.7901287     0.5472887
     9.8001289     0.5356290
     9.8101292     0.5237585
     9.8201294     0.5116820
     9.8301296     0.4994044
     9.8401299     0.4869309
     9.8501301     0.4742665
     9.8601303     0.4614165
     9.8701305     0.4483862
     9.8801308     0.4351810
     9.8901310     0.4218064
     9.9001312     0.4082678
     9.9101315     0.3945709
     9.9201317     0.3807212
     9.9301319     0.3667245
     9.9401321     0.3525865
     9.9501324     0.3383128
     9.9601326     0.3239092
     9.9701328     0.3093817
     9.9801331     0.2947359
     9.9901333     0.2799780
    10.0001335     0.2651137
    10.0101337     0.2501491
    10.0201340     0.2350902
    10.0301342     0.2199432
    10.0401344     0.2047141
    10.0501347     0.1894091
    10.0601349     0.1740345
    10.0701351     0.1585964
    10.0801353     0.1431013
    10.0901356     0.1275555
    10.1001358     0.1119653
    10.1101360     0.0963371
    10.1201363     0.0806774
    10.1301365     0.0649926
    10.1401367     0.0492892
    10.1501369     0.0335736
    10.1601372     0.0178522
    10.1701374     0.0021314
    10.1801376    -0.0135823
    10.1901379    -0.0292827
    10.2001381    -0.0449635
    10.2101383    -0.0606185
    10.2201385    -0.0762415
    10.2301388    -0.0918262
    10.2401390    -0.1073666
    10.2501392    -0.1228564
    10.2601395    -0.1382895
    10.2701397    -0.1536597
    10.2801399    -0.1689611
    10.2901402    -0.1841874
    10.3001404    -0.1993326
    10.3101406    -0.2143907
    10.3201408    -0.2293556
    10.3301411    -0.2442214
    10.3401413    -0.2589821
    10.3501415    -0.2736319
    10.3601418    -0.2881649
    10.3701420    -0.3025753
    10.3801422    -0.3168574
    10.3901424    -0.3310055
    10.4001427    -0.3450140
    10.4101429    -0.3588771
    10.4201431    -0.3725894
    10.4301434    -0.3861454
    10.4401436    -0.3995395
    10.4501438    -0.4127664
    10.4601440    -0.4258209
    10.4701443    -0.4386976
    10.4801445    -0.4513913
    10.4901447    -0.4638971
    10.5001450    -0.4762099
    10.5101452    -0.4883248
    10.5201454    -0.5002370
    10.5301456    -0.5119417
    10.5401459    -0.5234343
    10.5501461    -0.5347102
    10.5601463    -0.5457649
    10.5701466    -0.5565941
    10.5801468    -0.5671934
    10.5901470    -0.5775586
    10.6001472    -0.5876857
    10.6101475    -0.5975706
    10.6201477    -0.6072096
    10.6301479    -0.6165987
    10.6401482    -0.6257345
    10.6501484    -0.6346133
    10.6601486    -0.6432316
    10.6701488    -0.6515861
    10.6801491    -0.6596736
    10.6901493    -0.6674908
    10.7001495    -0.6750349
    10.7101498    -0.6823030
    10.7201500    -0.6892923
    10.7301502    -0.6960004
    10.7401505    -0.7024248
    10.7501507    -0.7085631
    10.7601509    -0.7144132
    10.7701511    -0.7199729
    10.7801514    -0.7252402
    10.7901516    -0.7302132
    10.8001518    -0.7348902
    10.8101521    -0.7392695
    10.8201523    -0.7433496
    10.8301525    -0.7471290
    10.8401527    -0.7506064
    10.8501530    -0.7537804
    10.8601532    -0.7566501
    10.8701534    -0.7592141
    10.8801537    -0.7614716
    10.8901539    -0.7634216
    10.9001541    -0.7650632
    10.9101543    -0.7663957
    10.9201546    -0.7674185
    10.9301548    -0.7681311
    10.9401550    -0.7685331
    10.9501553    -0.7686245
    10.9601555    -0.7684053
    10.9701557    -0.7678757
    10.9801559    -0.7670360
    10.9901562    -0.7658868
    11.0001564    -0.7644287
    11.0101566    -0.7626626
    11.0201569    -0.7605892
    11.0301571    -0.7582095
    11.0401573    -0.7555248
    11.0501575    -0.7525362
    11.0601578    -0.7492451
    11.0701580    -0.7456530
    11.0801582    -0.7417617
    11.0901585    -0.7375727
    11.1001587    -0.7330880
    11.1101589    -0.7283096
    11.1201591    -0.7232395
    11.1301594    -0.7178799
    11.1401596    -0.7122330
    11.1501598    -0.7063014
    11.1601601    -0.7000874
    11.1701603    -0.6935938
    11.1801605    -0.6868233
    11.1901608    -0.6797786
    11.2001610    -0.6724628
    11.2101612    -0.6648788
    11.2201614    -0.6570297
    11.2301617    -0.6489188
    11.2401619    -0.6405493
    11.2501621    -0.6319248
    11.2601624    -0.6230487
    11.2701626    -0.6139248
    11.2801628    -0.6045567
    11.2901630    -0.5949485
    11.3001633    -0.5851041
    11.3101635    -0.5750277
    11.3201637    -0.5647236
    11.3301640    -0.5541961
    11.3401642    -0.5434498
    11.3501644    -0.5324892
    11.3601646    -0.5213189
    11.3701649    -0.5099436
    11.3801651    -0.4983682
    11.3901653    -0.4865973
    11.4001656    -0.4746361
    11.4101658    -0.4624893
    11.4201660    -0.4501621
    11.4301662    -0.4376597
    11.4401665    -0.4249873
    11.4501667    -0.4121502
    11.4601669    -0.3991538
    11.4701672    -0.3860034
    11.4801674    -0.3727047
    11.4901676    -0.3592630
    11.5001678    -0.3456839
    11.5101681    -0.3319731
    11.5201683    -0.3181364
    11.5301685    -0.3041794
    11.5401688    -0.2901081
    11.5501690    -0.2759283
    11.5601692    -0.2616458
    11.5701694    -0.2472664
    11.5801697    -0.2327959
    11.5901699    -0.2182401
    11.6001701    -0.2036047
    11.6101704    -0.1888955
    11.6201706    -0.1741183
    11.6301708    -0.1592790
    11.6401711    -0.1443836
    11.6501713    -0.1294379
    11.6601715    -0.1144480
    11.6701717    -0.0994200
    11.6801720    -0.0843598
    11.6901722    -0.0692737
    11.7001724    -0.0541678
    11.7101727    -0.0390481
    11.7201729    -0.0239210
    11.7301731    -0.0087926
    11.7401733     0.0063310
    11.7501736     0.0214435
    11.7601738     0.0365388
    11.7701740     0.0516108
    11.7801743     0.0666535
    11.7901745     0.0816608
    11.8001747     0.0966269
    11.8101749     0.1115460
    11.8201752     0.1264122
    11.8301754     0.1412198
    11.8401756     0.1559630
    11.8501759     0.1706360
    11.8601761     0.1852330
    11.8701763     0.1997481
    11.8801765     0.2141756
    11.8901768     0.2285096
    11.9001770     0.2427443
    11.9101772     0.2568740
    11.9201775     0.2708930
    11.9301777     0.2847957
    11.9401779     0.2985765
    11.9501781     0.3122300
    11.9601784     0.3257506
    11.9701786     0.3391329
    11.9801788     0.3523718
    11.9901791     0.3654618
    12.0001793     0.3783978
    12.0101795     0.3911745
    12.0201797     0.4037870
    12.0301800     0.4162302
    12.0401802     0.4284991
    12.0501804     0.4405889
    12.0601807     0.4524948
    12.0701809     0.4642122
    12.0801811     0.4757365
    12.0901814     0.4870630
    12.1001816     0.4981876
    12.1101818     0.5091057
    12.1201820     0.5198132
    12.1301823     0.5303061
    12.1401825     0.5405803
    12.1501827     0.5506320
    12.1601830     0.5604572
    12.1701832     0.5700524
    12.1801834     0.5794138
    12.1901836     0.5885378
    12.2001839     0.5974206
    12.2101841     0.6060590
    12.2201843     0.6144493
    12.2301846     0.6225884
    12.2401848     0.6304729
    12.2501850     0.6381000
    12.2601852     0.6454665
    12.2701855     0.6525699
    12.2801857     0.6594074
    12.2901859     0.6659764
    12.3001862     0.6722746
    12.3101864     0.6782995
    12.3201866     0.6840490
    12.3301868     0.6895208
    12.3401871     0.6947128
    12.3501873     0.6996229
    12.3601875     0.7042492
    12.3701878     0.7085896
    12.3801880     0.7126424
    12.3901882     0.7164058
    12.4001884     0.7198783
    12.4101887     0.7230584
    12.4201889     0.7259448
    12.4301891     0.7285365
    12.4401894     0.7308325
    12.4501896     0.7328319
    12.4601898     0.7345342
    12.4701900     0.7359389
    12.4801903     0.7370454
    12.4901905     0.7378535
    12.5001907     0.7383631
    12.5101910     0.7385742
    12.5201912     0.7384870
    12.5301914     0.7381017
    12.5401917     0.7374188
    12.5501919     0.7364386
    12.5601921     0.7351619
    12.5701923     0.7335893
    12.5801926     0.7317215
    12.5901928     0.7295594
    12.6001930     0.7271038
    12.6101933     0.7243557
    12.6201935     0.7213163
    12.6301937     0.7179867
    12.6401939     0.7143684
    12.6501942     0.7104628
    12.6601944     0.7062717
    12.6701946     0.7017968
    12.6801949     0.6970402
    12.6901951     0.6920039
    12.7001953     0.6866904
    12.7101955     0.6811019
    12.7201958     0.6752409
    12.7301960     0.6691100
    12.7401962     0.6627120
    12.7501965     0.6560495
    12.7601967     0.6491255
    12.7701969     0.6419431
    12.7801971     0.6345051
    12.7901974     0.6268149
    12.8001976     0.6188757
    12.8101978     0.6106908
    12.8201981     0.6022634
    12.8301983     0.5935972
    12.8401985     0.5846956
    12.8501987     0.5755622
    12.8601990     0.5662007
    12.8701992     0.5566150
    12.8801994     0.5468090
    12.8901997     0.5367867
    12.9001999     0.5265523
    12.9102001     0.5161100
    12.9202003     0.5054642
    12.9302006     0.4946194
    12.9402008     0.4835800
    12.9502010     0.4723508
    12.9602013     0.4609362
    12.9702015     0.4493411
    12.9802017     0.4375702
    12.9902020     0.4256281
    13.0002022     0.4135197
    13.0102024     0.4012497
    13.0202026     0.3888231
    13.0302029     0.3762447
    13.0402031     0.3635197
    13.0502033     0.3506532
    13.0602036     0.3376505
    13.0702038     0.3245171
    13.0802040     0.3112584
    13.0902042     0.2978801
    13.1002045     0.2843877
    13.1102047     0.2707867
    13.1202049     0.2570828
    13.1302052     0.2432817
    13.1402054     0.2293888
    13.1502056     0.2154099
    13.1602058     0.2013507
    13.1702061     0.1872168
    13.1802063     0.1730141
    13.1902065     0.1587482
    13.2002068     0.1444251
    13.2102070     0.1300506
    13.2202072     0.1156306
    13.2302074     0.1011711
    13.2402077     0.0866779
    13.2502079     0.0721569
    13.2602081     0.0576142
    13.2702084     0.0430556
    13.2802086     0.0284871
    13.2902088     0.0139146
    13.3002090    -0.0006558
    13.3102093    -0.0152183
    13.3202095    -0.0297668
    13.3302097    -0.0442954
    13.3402100    -0.0587981
    13.3502102    -0.0732690
    13.3602104    -0.0877020
    13.3702106    -0.1020913
    13.3802109    -0.1164311
    13.3902111    -0.1307155
    13.4002113    -0.1449388
    13.4102116    -0.1590955
    13.4202118    -0.1731800
    13.4302120    -0.1871867
    13.4402122    -0.2011102
    13.4502125    -0.2149449
    13.4602127    -0.2286856
    13.4702129    -0.2423267
    13.4802132    -0.2558628
    13.4902134    -0.2692886
    13.5002136    -0.2825988
    13.5102139    -0.2957881
    13.5202141    -0.3088513
    13.5302143    -0.3217833
    13.5402145    -0.3345789
    13.5502148    -0.3472330
    13.5602150    -0.3597407
    13.5702152    -0.3720971
    13.5802155    -0.3842973
    13.5902157    -0.3963366
    13.6002159    -0.4082103
    13.6102161    -0.4199137
    13.6202164    -0.4314423
    13.6302166    -0.4427913
    13.6402168    -0.4539564
    13.6502171    -0.4649331
    13.6602173    -0.4757169
    13.6702175    -0.4863036
    13.6802177    -0.4966891
    13.6902180    -0.5068691
    13.7002182    -0.5168398
    13.7102184    -0.5265970
    13.7202187    -0.5361371
    13.7302189    -0.5454562
    13.7402191    -0.5545507
    13.7502193    -0.5634173
    13.7602196    -0.5720524
    13.7702198    -0.5804528
    13.7802200    -0.5886153
    13.7902203    -0.5965367
    13.8002205    -0.6042139
    13.8102207    -0.6116439
    13.8202209    -0.6188239
    13.8302212    -0.6257509
    13.8402214    -0.6324222
    13.8502216    -0.6388351
    13.8602219    -0.6449873
    13.8702221    -0.6508761
    13.8802223    -0.6564992
    13.8902225    -0.6618545
    13.9002228    -0.6669399
    13.9102230    -0.6717534
    13.9202232    -0.6762932
    13.9302235    -0.6805576
    13.9402237    -0.6845450
    13.9502239    -0.6882539
    13.9602242    -0.6916828
    13.9702244    -0.6948304
    13.9802246    -0.6976955
    13.9902248    -0.7002769
    14.0002251    -0.7025737
    14.0102253    -0.7045851
    14.0202255    -0.7063103
    14.0302258    -0.7077488
    14.0402260    -0.7089002
    14.0502262    -0.7097642
    14.0602264    -0.7103406
    14.0702267    -0.7106293
    14.0802269    -0.7106303
    14.0902271    -0.7103437
    14.1002274    -0.7097699
    14.1102276    -0.7089091
    14.1202278    -0.7077619
    14.1302280    -0.7063290
    14.1402283    -0.7046110
    14.1502285    -0.7026088
    14.1602287    -0.7003234
    14.1702290    -0.6977560
    14.1802292    -0.6949077
    14.1902294    -0.6917800
    14.2002296    -0.6883742
    14.2102299    -0.6846919
    14.2202301    -0.6807347
    14.2302303    -0.6765045
    14.2402306    -0.6720030
    14.2502308    -0.6672322
    14.2602310    -0.6621940
    14.2702312    -0.6568907
    14.2802315    -0.6513243
    14.2902317    -0.6454971
    14.3002319    -0.6394116
    14.3102322    -0.6330703
    14.3202324    -0.6264756
    14.3302326    -0.6196305
    14.3402328    -0.6125378
    14.3502331    -0.6052005
    14.3602333    -0.5976219
    14.3702335    -0.5898052
    14.3802338    -0.5817539
    14.3902340    -0.5734715
    14.4002342    -0.5649617
    14.4102345    -0.5562281
    14.4202347    -0.5472744
    14.4302349    -0.5381044
    14.4402351    -0.5287219
    14.4502354    -0.5191310
    14.4602356    -0.5093356
    14.4702358    -0.4993397
    14.4802361    -0.4891475
    14.4902363    -0.4787632
    14.5002365    -0.4681910
    14.5102367    -0.4574353
    14.5202370    -0.4465004
    14.5302372    -0.4353908
    14.5402374    -0.4241109
    14.5502377    -0.4126653
    14.5602379    -0.4010587
    14.5702381    -0.3892958
    14.5802383    -0.3773812
    14.5902386    -0.3653200
    14.6002388    -0.3531171
    14.6102390    -0.3407774
    14.6202393    -0.3283061
    14.6302395    -0.3157083
    14.6402397    -0.3029890
    14.6502399    -0.2901536
    14.6602402    -0.2772072
    14.6702404    -0.2641551
    14.6802406    -0.2510027
    14.6902409    -0.2377553
    14.7002411    -0.2244184
    14.7102413    -0.2109973
    14.7202415    -0.1974977
    14.7302418    -0.1839249
    14.7402420    -0.1702844
    14.7502422    -0.1565820
    14.7602425    -0.1428231
    14.7702427    -0.1290133
    14.7802429    -0.1151583
    14.7902431    -0.1012636
    14.8002434    -0.0873349
    14.8102436    -0.0733778
    14.8202438    -0.0593978
    14.8302441    -0.0454007
    14.8402443    -0.0313920
    14.8502445    -0.0173773
    14.8602448    -0.0033623
    14.8702450     0.0106475
    14.8802452     0.0246464
    14.8902454     0.0386288
    14.9002457     0.0525891
    14.9102459     0.0665218
    14.9202461     0.0804213
    14.9302464     0.0942821
    14.9402466     0.1080986
    14.9502468     0.1218654
    14.9602470     0.1355769
    14.9702473     0.1492275
    14.9802475     0.1628117
    14.9902477     0.1763240
    15.0002480     0.1897589
