     0.0000000     1.0000000
     0.0100000     0.9998001
     0.0200000     0.9992009
     0.0300000     0.9982047
     0.0400000     0.9968149
     0.0500000     0.9950362
     0.0600000     0.9928747
     0.0700000     0.9903378
     0.0800000     0.9874338
     0.0900000     0.9841724
     0.1000000     0.9805641
     0.1100000     0.9766201
     0.1200000     0.9723527
     0.1300000     0.9677747
     0.1400000     0.9628994
     0.1500000     0.9577409
     0.1600000     0.9523132
     0.1700000     0.9466310
     0.1800000     0.9407089
     0.1900000     0.9345617
     0.2000000     0.9282042
     0.2100000     0.9216511
     0.2200000     0.9149171
     0.2300000     0.9080166
     0.2400001     0.9009637
     0.2500001     0.8937723
     0.2600001     0.8864560
     0.2700000     0.8790278
     0.2800000     0.8715004
     0.2900000     0.8638858
     0.3000000     0.8561957
     0.3100000     0.8484412
     0.3200000     0.8406326
     0.3300000     0.8327799
     0.3400000     0.8248922
     0.3500000     0.8169783
     0.3600000     0.8090461
     0.3699999     0.8011031
     0.3799999     0.7931562
     0.3899999     0.7852118
     0.3999999     0.7772757
     0.4099999     0.7693534
     0.4199999     0.7614497
     0.4299999     0.7535692
     0.4399999     0.7457162
     0.4499999     0.7378947
     0.4599999     0.7301082
     0.4699998     0.7223603
     0.4799998     0.7146541
     0.4899998     0.7069928
     0.4999998     0.6993793
     0.5099998     0.6918164
     0.5199998     0.6843068
     0.5299998     0.6768532
     0.5399998     0.6694580
     0.5499998     0.6621236
     0.5599998     0.6548524
     0.5699998     0.6476465
     0.5799997     0.6405081
     0.5899997     0.6334389
     0.5999997     0.6264407
     0.6099997     0.6195151
     0.6199997     0.6126633
     0.6299997     0.6058866
     0.6399997     0.5991857
     0.6499997     0.5925613
     0.6599997     0.5860137
     0.6699997     0.5795431
     0.6799996     0.5731493
     0.6899996     0.5668320
     0.6999996     0.5605906
     0.7099996     0.5544244
     0.7199996     0.5483324
     0.7299996     0.5423136
     0.7399996     0.5363668
     0.7499996     0.5304908
     0.7599996     0.5246843
     0.7699996     0.5189459
     0.7799996     0.5132741
     0.7899995     0.5076676
     0.7999995     0.5021251
     0.8099995     0.4966452
     0.8199995     0.4912266
     0.8299995     0.4858682
     0.8399995     0.4805689
     0.8499995     0.4753279
     0.8599995     0.4701443
     0.8699995     0.4650176
     0.8799995     0.4599472
     0.8899994     0.4549330
     0.8999994     0.4499748
     0.9099994     0.4450725
     0.9199994     0.4402263
     0.9299994     0.4354362
     0.9399994     0.4307025
     0.9499994     0.4260251
     0.9599994     0.4214042
     0.9699994     0.4168397
     0.9799994     0.4123313
     0.9899994     0.4078788
     0.9999993     0.4034817
     1.0099994     0.3991393
     1.0199994     0.3948508
     1.0299994     0.3906155
     1.0399994     0.3864323
     1.0499994     0.3823001
     1.0599993     0.3782180
     1.0699993     0.3741849
     1.0799993     0.3701998
     1.0899993     0.3662618
     1.0999993     0.3623701
     1.1099993     0.3585239
     1.1199993     0.3547227
     1.1299993     0.3509660
     1.1399993     0.3472533
     1.1499993     0.3435845
     1.1599993     0.3399592
     1.1699992     0.3363774
     1.1799992     0.3328389
     1.1899992     0.3293437
     1.1999992     0.3258918
     1.2099992     0.3224830
     1.2199992     0.3191173
     1.2299992     0.3157947
     1.2399992     0.3125149
     1.2499992     0.3092778
     1.2599992     0.3060833
     1.2699991     0.3029309
     1.2799991     0.2998204
     1.2899991     0.2967515
     1.2999991     0.2937237
     1.3099991     0.2907366
     1.3199991     0.2877895
     1.3299991     0.2848819
     1.3399991     0.2820129
     1.3499991     0.2791819
     1.3599991     0.2763879
     1.3699991     0.2736299
     1.3799990     0.2709069
     1.3899990     0.2682178
     1.3999990     0.2655617
     1.4099990     0.2629375
     1.4199990     0.2603444
     1.4299990     0.2577813
     1.4399990     0.2552478
     1.4499990     0.2527430
     1.4599990     0.2502666
     1.4699990     0.2478184
     1.4799989     0.2453984
     1.4899989     0.2430067
     1.4999989     0.2406437
     1.5099989     0.2383098
     1.5199989     0.2360059
     1.5299989     0.2337328
     1.5399989     0.2314916
     1.5499989     0.2292832
     1.5599989     0.2271092
     1.5699989     0.2249707
     1.5799989     0.2228692
     1.5899988     0.2208062
     1.5999988     0.2187831
     1.6099988     0.2168012
     1.6199988     0.2148617
     1.6299988     0.2129659
     1.6399988     0.2111147
     1.6499988     0.2093087
     1.6599988     0.2075486
     1.6699988     0.2058344
     1.6799988     0.2041660
     1.6899987     0.2025430
     1.6999987     0.2009645
     1.7099987     0.1994294
     1.7199987     0.1979362
     1.7299987     0.1964831
     1.7399987     0.1950680
     1.7499987     0.1936884
     1.7599987     0.1923418
     1.7699987     0.1910255
     1.7799987     0.1897363
     1.7899987     0.1884712
     1.7999986     0.1872272
     1.8099986     0.1860011
     1.8199986     0.1847897
     1.8299986     0.1835901
     1.8399986     0.1823992
     1.8499986     0.1812143
     1.8599986     0.1800327
     1.8699986     0.1788519
     1.8799986     0.1776696
     1.8899986     0.1764837
     1.8999985     0.1752922
     1.9099985     0.1740934
     1.9199985     0.1728857
     1.9299985     0.1716675
     1.9399985     0.1704377
     1.9499985     0.1691950
     1.9599985     0.1679384
     1.9699985     0.1666671
     1.9799985     0.1653803
     1.9899985     0.1640774
     1.9999985     0.1627579
     2.0099986     0.1614216
     2.0199986     0.1600683
     2.0299985     0.1586981
     2.0399985     0.1573112
     2.0499985     0.1559080
     2.0599985     0.1544892
     2.0699985     0.1530556
     2.0799985     0.1516083
     2.0899985     0.1501485
     2.0999985     0.1486776
     2.1099985     0.1471971
     2.1199985     0.1457086
     2.1299984     0.1442141
     2.1399984     0.1427153
     2.1499984     0.1412143
     2.1599984     0.1397130
     2.1699984     0.1382135
     2.1799984     0.1367178
     2.1899984     0.1352279
     2.1999984     0.1337459
     2.2099984     0.1322737
     2.2199984     0.1308130
     2.2299984     0.1293657
     2.2399983     0.1279332
     2.2499983     0.1265170
     2.2599983     0.1251184
     2.2699983     0.1237385
     2.2799983     0.1223782
     2.2899983     0.1210382
     2.2999983     0.1197191
     2.3099983     0.1184213
     2.3199983     0.1171452
     2.3299983     0.1158908
     2.3399982     0.1146585
     2.3499982     0.1134480
     2.3599982     0.1122596
     2.3699982     0.1110931
     2.3799982     0.1099486
     2.3899982     0.1088261
     2.3999982     0.1077258
     2.4099982     0.1066478
     2.4199982     0.1055923
     2.4299982     0.1045597
     2.4399981     0.1035502
     2.4499981     0.1025644
     2.4599981     0.1016027
     2.4699981     0.1006653
     2.4799981     0.0997528
     2.4899981     0.0988651
     2.4999981     0.0980024
     2.5099981     0.0971644
     2.5199981     0.0963507
     2.5299981     0.0955604
     2.5399981     0.0947927
     2.5499980     0.0940460
     2.5599980     0.0933189
     2.5699980     0.0926093
     2.5799980     0.0919152
     2.5899980     0.0912344
     2.5999980     0.0905645
     2.6099980     0.0899031
     2.6199980     0.0892479
     2.6299980     0.0885966
     2.6399980     0.0879470
     2.6499979     0.0872972
     2.6599979     0.0866454
     2.6699979     0.0859902
     2.6799979     0.0853303
     2.6899979     0.0846649
     2.6999979     0.0839932
     2.7099979     0.0833149
     2.7199979     0.0826298
     2.7299979     0.0819382
     2.7399979     0.0812403
     2.7499979     0.0805366
     2.7599978     0.0798279
     2.7699978     0.0791149
     2.7799978     0.0783985
     2.7899978     0.0776797
     2.7999978     0.0769594
     2.8099978     0.0762387
     2.8199978     0.0755185
     2.8299978     0.0747997
     2.8399978     0.0740831
     2.8499978     0.0733696
     2.8599977     0.0726597
     2.8699977     0.0719541
     2.8799977     0.0712534
     2.8899977     0.0705578
     2.8999977     0.0698680
     2.9099977     0.0691840
     2.9199977     0.0685063
     2.9299977     0.0678352
     2.9399977     0.0671708
     2.9499977     0.0665135
     2.9599977     0.0658635
     2.9699976     0.0652210
     2.9799976     0.0645863
     2.9899976     0.0639598
     2.9999976     0.0633416
     3.0099976     0.0627320
     3.0199976     0.0621311
     3.0299976     0.0615393
     3.0399976     0.0609566
     3.0499976     0.0603832
     3.0599976     0.0598192
     3.0699975     0.0592645
     3.0799975     0.0587192
     3.0899975     0.0581829
     3.0999975     0.0576554
     3.1099975     0.0571363
     3.1199975     0.0566251
     3.1299975     0.0561208
     3.1399975     0.0556229
     3.1499975     0.0551301
     3.1599975     0.0546416
     3.1699975     0.0541560
     3.1799974     0.0536722
     3.1899974     0.0531888
     3.1999974     0.0527047
     3.2099974     0.0522187
     3.2199974     0.0517296
     3.2299974     0.0512366
     3.2399974     0.0507387
     3.2499974     0.0502353
     3.2599974     0.0497260
     3.2699974     0.0492103
     3.2799973     0.0486882
     3.2899973     0.0481597
     3.2999973     0.0476250
     3.3099973     0.0470844
     3.3199973     0.0465382
     3.3299973     0.0459871
     3.3399973     0.0454316
     3.3499973     0.0448725
     3.3599973     0.0443105
     3.3699973     0.0437464
     3.3799973     0.0431809
     3.3899972     0.0426150
     3.3999972     0.0420494
     3.4099972     0.0414850
     3.4199972     0.0409226
     3.4299972     0.0403630
     3.4399972     0.0398071
     3.4499972     0.0392556
     3.4599972     0.0387094
     3.4699972     0.0381691
     3.4799972     0.0376357
     3.4899971     0.0371098
     3.4999971     0.0365923
     3.5099971     0.0360839
     3.5199971     0.0355854
     3.5299971     0.0350976
     3.5399971     0.0346212
     3.5499971     0.0341569
     3.5599971     0.0337055
     3.5699971     0.0332676
     3.5799971     0.0328436
     3.5899971     0.0324341
     3.5999970     0.0320395
     3.6099970     0.0316601
     3.6199970     0.0312959
     3.6299970     0.0309471
     3.6399970     0.0306132
     3.6499970     0.0302941
     3.6599970     0.0299891
     3.6699970     0.0296974
     3.6799970     0.0294182
     3.6899970     0.0291503
     3.6999969     0.0288925
     3.7099969     0.0286432
     3.7199969     0.0284012
     3.7299969     0.0281646
     3.7399969     0.0279320
     3.7499969     0.0277015
     3.7599969     0.0274716
     3.7699969     0.0272406
     3.7799969     0.0270069
     3.7899969     0.0267690
     3.7999969     0.0265255
     3.8099968     0.0262750
     3.8199968     0.0260164
     3.8299968     0.0257486
     3.8399968     0.0254706
     3.8499968     0.0251818
     3.8599968     0.0248814
     3.8699968     0.0245691
     3.8799968     0.0242446
     3.8899968     0.0239079
     3.8999968     0.0235592
     3.9099967     0.0231989
     3.9199967     0.0228277
     3.9299967     0.0224464
     3.9399967     0.0220561
     3.9499967     0.0216580
     3.9599967     0.0212537
     3.9699967     0.0208446
     3.9799967     0.0204326
     3.9899967     0.0200194
     3.9999967     0.0196069
     4.0099969     0.0191968
     4.0199971     0.0187910
     4.0299973     0.0183912
     4.0399976     0.0179990
     4.0499978     0.0176158
     4.0599980     0.0172430
     4.0699983     0.0168816
     4.0799985     0.0165327
     4.0899987     0.0161969
     4.0999990     0.0158748
     4.1099992     0.0155670
     4.1199994     0.0152736
     4.1299996     0.0149950
     4.1399999     0.0147311
     4.1500001     0.0144821
     4.1600003     0.0142480
     4.1700006     0.0140288
     4.1800008     0.0138245
     4.1900010     0.0136351
     4.2000012     0.0134609
     4.2100015     0.0133017
     4.2200017     0.0131580
     4.2300019     0.0130297
     4.2400022     0.0129172
     4.2500024     0.0128207
     4.2600026     0.0127405
     4.2700028     0.0126767
     4.2800031     0.0126296
     4.2900033     0.0125993
     4.3000035     0.0125858
     4.3100038     0.0125891
     4.3200040     0.0126089
     4.3300042     0.0126449
     4.3400044     0.0126968
     4.3500047     0.0127638
     4.3600049     0.0128452
     4.3700051     0.0129401
     4.3800054     0.0130477
     4.3900056     0.0131667
     4.4000058     0.0132962
     4.4100060     0.0134349
     4.4200063     0.0135817
     4.4300065     0.0137355
     4.4400067     0.0138951
     4.4500070     0.0140594
     4.4600072     0.0142273
     4.4700074     0.0143980
     4.4800076     0.0145706
     4.4900079     0.0147441
     4.5000081     0.0149177
     4.5100083     0.0150908
     4.5200086     0.0152625
     4.5300088     0.0154322
     4.5400090     0.0155993
     4.5500093     0.0157631
     4.5600095     0.0159231
     4.5700097     0.0160786
     4.5800099     0.0162290
     4.5900102     0.0163740
     4.6000104     0.0165128
     4.6100106     0.0166451
     4.6200109     0.0167703
     4.6300111     0.0168880
     4.6400113     0.0169977
     4.6500115     0.0170988
     4.6600118     0.0171910
     4.6700120     0.0172736
     4.6800122     0.0173461
     4.6900125     0.0174081
     4.7000127     0.0174591
     4.7100129     0.0174986
     4.7200131     0.0175261
     4.7300134     0.0175413
     4.7400136     0.0175436
     4.7500138     0.0175327
     4.7600141     0.0175085
     4.7700143     0.0174705
     4.7800145     0.0174186
     4.7900147     0.0173527
     4.8000150     0.0172728
     4.8100152     0.0171788
     4.8200154     0.0170710
     4.8300157     0.0169496
     4.8400159     0.0168150
     4.8500161     0.0166677
     4.8600163     0.0165084
     4.8700166     0.0163380
     4.8800168     0.0161575
     4.8900170     0.0159678
     4.9000173     0.0157703
     4.9100175     0.0155662
     4.9200177     0.0153570
     4.9300179     0.0151441
     4.9400182     0.0149290
     4.9500184     0.0147132
     4.9600186     0.0144980
     4.9700189     0.0142849
     4.9800191     0.0140752
     4.9900193     0.0138700
     5.0000196     0.0136704
     5.0100198     0.0134772
     5.0200200     0.0132911
     5.0300202     0.0131126
     5.0400205     0.0129421
     5.0500207     0.0127796
     5.0600209     0.0126251
     5.0700212     0.0124782
     5.0800214     0.0123386
     5.0900216     0.0122056
     5.1000218     0.0120784
     5.1100221     0.0119562
     5.1200223     0.0118380
     5.1300225     0.0117227
     5.1400228     0.0116091
     5.1500230     0.0114962
     5.1600232     0.0113826
     5.1700234     0.0112673
     5.1800237     0.0111490
     5.1900239     0.0110269
     5.2000241     0.0108998
     5.2100244     0.0107670
     5.2200246     0.0106277
     5.2300248     0.0104815
     5.2400250     0.0103280
     5.2500253     0.0101669
     5.2600255     0.0099983
     5.2700257     0.0098222
     5.2800260     0.0096391
     5.2900262     0.0094493
     5.3000264     0.0092533
     5.3100266     0.0090518
     5.3200269     0.0088456
     5.3300271     0.0086354
     5.3400273     0.0084221
     5.3500276     0.0082066
     5.3600278     0.0079898
     5.3700280     0.0077728
     5.3800282     0.0075563
     5.3900285     0.0073415
     5.4000287     0.0071291
     5.4100289     0.0069200
     5.4200292     0.0067151
     5.4300294     0.0065152
     5.4400296     0.0063208
     5.4500299     0.0061327
     5.4600301     0.0059514
     5.4700303     0.0057772
     5.4800305     0.0056106
     5.4900308     0.0054519
     5.5000310     0.0053013
     5.5100312     0.0051591
     5.5200315     0.0050252
     5.5300317     0.0048999
     5.5400319     0.0047832
     5.5500321     0.0046751
     5.5600324     0.0045756
     5.5700326     0.0044848
     5.5800328     0.0044024
     5.5900331     0.0043284
     5.6000333     0.0042625
     5.6100335     0.0042045
     5.6200337     0.0041539
     5.6300340     0.0041104
     5.6400342     0.0040732
     5.6500344     0.0040419
     5.6600347     0.0040156
     5.6700349     0.0039935
     5.6800351     0.0039750
     5.6900353     0.0039591
     5.7000356     0.0039450
     5.7100358     0.0039320
     5.7200360     0.0039192
     5.7300363     0.0039059
     5.7400365     0.0038915
     5.7500367     0.0038754
     5.7600369     0.0038569
     5.7700372     0.0038356
     5.7800374     0.0038113
     5.7900376     0.0037836
     5.8000379     0.0037524
     5.8100381     0.0037178
     5.8200383     0.0036798
     5.8300385     0.0036387
     5.8400388     0.0035949
     5.8500390     0.0035489
     5.8600392     0.0035013
     5.8700395     0.0034525
     5.8800397     0.0034034
     5.8900399     0.0033544
     5.9000401     0.0033064
     5.9100404     0.0032601
     5.9200406     0.0032162
     5.9300408     0.0031754
     5.9400411     0.0031385
     5.9500413     0.0031063
     5.9600415     0.0030794
     5.9700418     0.0030587
     5.9800420     0.0030451
     5.9900422     0.0030394
     6.0000424     0.0030427
     6.0100427     0.0030558
     6.0200429     0.0030798
     6.0300431     0.0031159
     6.0400434     0.0031651
     6.0500436     0.0032284
     6.0600438     0.0033069
     6.0700440     0.0034015
     6.0800443     0.0035130
     6.0900445     0.0036421
     6.1000447     0.0037893
     6.1100450     0.0039548
     6.1200452     0.0041388
     6.1300454     0.0043409
     6.1400456     0.0045607
     6.1500459     0.0047975
     6.1600461     0.0050499
     6.1700463     0.0053168
     6.1800466     0.0055964
     6.1900468     0.0058869
     6.2000470     0.0061862
     6.2100472     0.0064920
     6.2200475     0.0068019
     6.2300477     0.0071132
     6.2400479     0.0074234
     6.2500482     0.0077299
     6.2600484     0.0080300
     6.2700486     0.0083211
     6.2800488     0.0086007
     6.2900491     0.0088665
     6.3000493     0.0091161
     6.3100495     0.0093475
     6.3200498     0.0095590
     6.3300500     0.0097490
     6.3400502     0.0099163
     6.3500504     0.0100599
     6.3600507     0.0101793
     6.3700509     0.0102743
     6.3800511     0.0103451
     6.3900514     0.0103921
     6.4000516     0.0104162
     6.4100518     0.0104186
     6.4200521     0.0104008
     6.4300523     0.0103646
     6.4400525     0.0103119
     6.4500527     0.0102449
     6.4600530     0.0101660
     6.4700532     0.0100774
     6.4800534     0.0099817
     6.4900537     0.0098811
     6.5000539     0.0097779
     6.5100541     0.0096741
     6.5200543     0.0095716
     6.5300546     0.0094720
     6.5400548     0.0093767
     6.5500550     0.0092868
     6.5600553     0.0092030
     6.5700555     0.0091256
     6.5800557     0.0090547
     6.5900559     0.0089901
     6.6000562     0.0089313
     6.6100564     0.0088775
     6.6200566     0.0088277
     6.6300569     0.0087810
     6.6400571     0.0087362
     6.6500573     0.0086920
     6.6600575     0.0086473
     6.6700578     0.0086011
     6.6800580     0.0085525
     6.6900582     0.0085007
     6.7000585     0.0084452
     6.7100587     0.0083856
     6.7200589     0.0083219
     6.7300591     0.0082541
     6.7400594     0.0081826
     6.7500596     0.0081081
     6.7600598     0.0080310
     6.7700601     0.0079523
     6.7800603     0.0078729
     6.7900605     0.0077936
     6.8000607     0.0077155
     6.8100610     0.0076394
     6.8200612     0.0075661
     6.8300614     0.0074964
     6.8400617     0.0074307
     6.8500619     0.0073695
     6.8600621     0.0073130
     6.8700624     0.0072613
     6.8800626     0.0072142
     6.8900628     0.0071717
     6.9000630     0.0071333
     6.9100633     0.0070985
     6.9200635     0.0070668
     6.9300637     0.0070376
     6.9400640     0.0070102
     6.9500642     0.0069840
     6.9600644     0.0069584
     6.9700646     0.0069326
     6.9800649     0.0069060
     6.9900651     0.0068781
     7.0000653     0.0068484
     7.0100656     0.0068164
     7.0200658     0.0067818
     7.0300660     0.0067442
     7.0400662     0.0067035
     7.0500665     0.0066594
     7.0600667     0.0066120
     7.0700669     0.0065613
     7.0800672     0.0065075
     7.0900674     0.0064509
     7.1000676     0.0063918
     7.1100678     0.0063306
     7.1200681     0.0062679
     7.1300683     0.0062043
     7.1400685     0.0061403
     7.1500688     0.0060765
     7.1600690     0.0060133
     7.1700692     0.0059515
     7.1800694     0.0058912
     7.1900697     0.0058329
     7.2000699     0.0057767
     7.2100701     0.0057227
     7.2200704     0.0056709
     7.2300706     0.0056211
     7.2400708     0.0055732
     7.2500710     0.0055267
     7.2600713     0.0054815
     7.2700715     0.0054369
     7.2800717     0.0053926
     7.2900720     0.0053480
     7.3000722     0.0053028
     7.3100724     0.0052563
     7.3200727     0.0052084
     7.3300729     0.0051586
     7.3400731     0.0051066
     7.3500733     0.0050522
     7.3600736     0.0049953
     7.3700738     0.0049358
     7.3800740     0.0048737
     7.3900743     0.0048091
     7.4000745     0.0047421
     7.4100747     0.0046728
     7.4200749     0.0046015
     7.4300752     0.0045282
     7.4400754     0.0044532
     7.4500756     0.0043766
     7.4600759     0.0042984
     7.4700761     0.0042186
     7.4800763     0.0041373
     7.4900765     0.0040542
     7.5000768     0.0039692
     7.5100770     0.0038820
     7.5200772     0.0037923
     7.5300775     0.0036998
     7.5400777     0.0036040
     7.5500779     0.0035045
     7.5600781     0.0034009
     7.5700784     0.0032930
     7.5800786     0.0031804
     7.5900788     0.0030629
     7.6000791     0.0029405
     7.6100793     0.0028129
     7.6200795     0.0026804
     7.6300797     0.0025430
     7.6400800     0.0024007
     7.6500802     0.0022538
     7.6600804     0.0021025
     7.6700807     0.0019468
     7.6800809     0.0017870
     7.6900811     0.0016230
     7.7000813     0.0014549
     7.7100816     0.0012827
     7.7200818     0.0011064
     7.7300820     0.0009260
     7.7400823     0.0007414
     7.7500825     0.0005525
     7.7600827     0.0003596
     7.7700830     0.0001626
     7.7800832    -0.0000383
     7.7900834    -0.0002426
     7.8000836    -0.0004502
     7.8100839    -0.0006604
     7.8200841    -0.0008728
     7.8300843    -0.0010867
     7.8400846    -0.0013014
     7.8500848    -0.0015161
     7.8600850    -0.0017303
     7.8700852    -0.0019429
     7.8800855    -0.0021534
     7.8900857    -0.0023608
     7.9000859    -0.0025644
     7.9100862    -0.0027635
     7.9200864    -0.0029572
     7.9300866    -0.0031450
     7.9400868    -0.0033261
     7.9500871    -0.0034999
     7.9600873    -0.0036660
     7.9700875    -0.0038238
     7.9800878    -0.0039730
     7.9900880    -0.0041133
     8.0000877    -0.0042445
     8.0100880    -0.0043665
     8.0200882    -0.0044791
     8.0300884    -0.0045825
     8.0400887    -0.0046766
     8.0500889    -0.0047617
     8.0600891    -0.0048379
     8.0700893    -0.0049055
     8.0800896    -0.0049649
     8.0900898    -0.0050165
     8.1000900    -0.0050606
     8.1100903    -0.0050977
     8.1200905    -0.0051286
     8.1300907    -0.0051539
     8.1400909    -0.0051742
     8.1500912    -0.0051904
     8.1600914    -0.0052035
     8.1700916    -0.0052142
     8.1800919    -0.0052237
     8.1900921    -0.0052331
     8.2000923    -0.0052434
     8.2100925    -0.0052558
     8.2200928    -0.0052716
     8.2300930    -0.0052919
     8.2400932    -0.0053181
     8.2500935    -0.0053512
     8.2600937    -0.0053926
     8.2700939    -0.0054434
     8.2800941    -0.0055047
     8.2900944    -0.0055776
     8.3000946    -0.0056630
     8.3100948    -0.0057617
     8.3200951    -0.0058745
     8.3300953    -0.0060018
     8.3400955    -0.0061442
     8.3500957    -0.0063016
     8.3600960    -0.0064740
     8.3700962    -0.0066611
     8.3800964    -0.0068623
     8.3900967    -0.0070768
     8.4000969    -0.0073035
     8.4100971    -0.0075412
     8.4200974    -0.0077882
     8.4300976    -0.0080429
     8.4400978    -0.0083033
     8.4500980    -0.0085673
     8.4600983    -0.0088325
     8.4700985    -0.0090966
     8.4800987    -0.0093572
     8.4900990    -0.0096116
     8.5000992    -0.0098573
     8.5100994    -0.0100919
     8.5200996    -0.0103129
     8.5300999    -0.0105182
     8.5401001    -0.0107056
     8.5501003    -0.0108735
     8.5601006    -0.0110203
     8.5701008    -0.0111449
     8.5801010    -0.0112467
     8.5901012    -0.0113253
     8.6001015    -0.0113809
     8.6101017    -0.0114141
     8.6201019    -0.0114257
     8.6301022    -0.0114171
     8.6401024    -0.0113900
     8.6501026    -0.0113463
     8.6601028    -0.0112880
     8.6701031    -0.0112175
     8.6801033    -0.0111370
     8.6901035    -0.0110489
     8.7001038    -0.0109556
     8.7101040    -0.0108592
     8.7201042    -0.0107618
     8.7301044    -0.0106651
     8.7401047    -0.0105710
     8.7501049    -0.0104809
     8.7601051    -0.0103960
     8.7701054    -0.0103174
     8.7801056    -0.0102462
     8.7901058    -0.0101830
     8.8001060    -0.0101287
     8.8101063    -0.0100838
     8.8201065    -0.0100487
     8.8301067    -0.0100239
     8.8401070    -0.0100099
     8.8501072    -0.0100069
     8.8601074    -0.0100152
     8.8701077    -0.0100352
     8.8801079    -0.0100669
     8.8901081    -0.0101106
     8.9001083    -0.0101662
     8.9101086    -0.0102338
     8.9201088    -0.0103131
     8.9301090    -0.0104039
     8.9401093    -0.0105058
     8.9501095    -0.0106182
     8.9601097    -0.0107405
     8.9701099    -0.0108717
     8.9801102    -0.0110108
     8.9901104    -0.0111567
     9.0001106    -0.0113080
     9.0101109    -0.0114632
     9.0201111    -0.0116209
     9.0301113    -0.0117791
     9.0401115    -0.0119361
     9.0501118    -0.0120901
     9.0601120    -0.0122389
     9.0701122    -0.0123805
     9.0801125    -0.0125130
     9.0901127    -0.0126341
     9.1001129    -0.0127419
     9.1101131    -0.0128344
     9.1201134    -0.0129099
     9.1301136    -0.0129667
     9.1401138    -0.0130034
     9.1501141    -0.0130188
     9.1601143    -0.0130118
     9.1701145    -0.0129818
     9.1801147    -0.0129283
     9.1901150    -0.0128510
     9.2001152    -0.0127500
     9.2101154    -0.0126254
     9.2201157    -0.0124779
     9.2301159    -0.0123078
     9.2401161    -0.0121161
     9.2501163    -0.0119035
     9.2601166    -0.0116712
     9.2701168    -0.0114203
     9.2801170    -0.0111519
     9.2901173    -0.0108674
     9.3001175    -0.0105681
     9.3101177    -0.0102553
     9.3201180    -0.0099306
     9.3301182    -0.0095954
     9.3401184    -0.0092512
     9.3501186    -0.0088996
     9.3601189    -0.0085423
     9.3701191    -0.0081808
     9.3801193    -0.0078169
     9.3901196    -0.0074521
     9.4001198    -0.0070881
     9.4101200    -0.0067263
     9.4201202    -0.0063682
     9.4301205    -0.0060151
     9.4401207    -0.0056681
     9.4501209    -0.0053282
     9.4601212    -0.0049963
     9.4701214    -0.0046731
     9.4801216    -0.0043588
     9.4901218    -0.0040539
     9.5001221    -0.0037583
     9.5101223    -0.0034720
     9.5201225    -0.0031949
     9.5301228    -0.0029264
     9.5401230    -0.0026664
     9.5501232    -0.0024143
     9.5601234    -0.0021695
     9.5701237    -0.0019317
     9.5801239    -0.0017003
     9.5901241    -0.0014747
     9.6001244    -0.0012546
     9.6101246    -0.0010396
     9.6201248    -0.0008291
     9.6301250    -0.0006230
     9.6401253    -0.0004209
     9.6501255    -0.0002226
     9.6601257    -0.0000279
     9.6701260     0.0001634
     9.6801262     0.0003512
     9.6901264     0.0005357
     9.7001266     0.0007169
     9.7101269     0.0008946
     9.7201271     0.0010689
     9.7301273     0.0012397
     9.7401276     0.0014069
     9.7501278     0.0015703
     9.7601280     0.0017298
     9.7701283     0.0018852
     9.7801285     0.0020363
     9.7901287     0.0021828
     9.8001289     0.0023244
     9.8101292     0.0024608
     9.8201294     0.0025915
     9.8301296     0.0027162
     9.8401299     0.0028342
     9.8501301     0.0029452
     9.8601303     0.0030483
     9.8701305     0.0031430
     9.8801308     0.0032285
     9.8901310     0.0033041
     9.9001312     0.0033689
     9.9101315     0.0034221
     9.9201317     0.0034628
     9.9301319     0.0034901
     9.9401321     0.0035031
     9.9501324     0.0035011
     9.9601326     0.0034833
     9.9701328     0.0034488
     9.9801331     0.0033972
     9.9901333     0.0033278
    10.0001335     0.0032403
    10.0101337     0.0031345
    10.0201340     0.0030102
    10.0301342     0.0028675
    10.0401344     0.0027066
    10.0501347     0.0025279
    10.0601349     0.0023318
    10.0701351     0.0021190
    10.0801353     0.0018905
    10.0901356     0.0016472
    10.1001358     0.0013901
    10.1101360     0.0011206
    10.1201363     0.0008400
    10.1301365     0.0005496
    10.1401367     0.0002510
    10.1501369    -0.0000542
    10.1601372    -0.0003643
    10.1701374    -0.0006778
    10.1801376    -0.0009929
    10.1901379    -0.0013079
    10.2001381    -0.0016212
    10.2101383    -0.0019310
    10.2201385    -0.0022359
    10.2301388    -0.0025342
    10.2401390    -0.0028245
    10.2501392    -0.0031054
    10.2601395    -0.0033759
    10.2701397    -0.0036347
    10.2801399    -0.0038810
    10.2901402    -0.0041143
    10.3001404    -0.0043339
    10.3101406    -0.0045398
    10.3201408    -0.0047318
    10.3301411    -0.0049101
    10.3401413    -0.0050754
    10.3501415    -0.0052281
    10.3601418    -0.0053692
    10.3701420    -0.0054996
    10.3801422    -0.0056204
    10.3901424    -0.0057327
    10.4001427    -0.0058378
    10.4101429    -0.0059367
    10.4201431    -0.0060303
    10.4301434    -0.0061197
    10.4401436    -0.0062054
    10.4501438    -0.0062880
    10.4601440    -0.0063678
    10.4701443    -0.0064449
    10.4801445    -0.0065191
    10.4901447    -0.0065902
    10.5001450    -0.0066576
    10.5101452    -0.0067209
    10.5201454    -0.0067795
    10.5301456    -0.0068326
    10.5401459    -0.0068795
    10.5501461    -0.0069196
    10.5601463    -0.0069523
    10.5701466    -0.0069769
    10.5801468    -0.0069930
    10.5901470    -0.0070002
    10.6001472    -0.0069981
    10.6101475    -0.0069865
    10.6201477    -0.0069650
    10.6301479    -0.0069337
    10.6401482    -0.0068923
    10.6501484    -0.0068409
    10.6601486    -0.0067794
    10.6701488    -0.0067079
    10.6801491    -0.0066264
    10.6901493    -0.0065351
    10.7001495    -0.0064339
    10.7101498    -0.0063232
    10.7201500    -0.0062031
    10.7301502    -0.0060739
    10.7401505    -0.0059359
    10.7501507    -0.0057894
    10.7601509    -0.0056348
    10.7701511    -0.0054727
    10.7801514    -0.0053035
    10.7901516    -0.0051278
    10.8001518    -0.0049462
    10.8101521    -0.0047591
    10.8201523    -0.0045673
    10.8301525    -0.0043711
    10.8401527    -0.0041712
    10.8501530    -0.0039679
    10.8601532    -0.0037616
    10.8701534    -0.0035526
    10.8801537    -0.0033410
    10.8901539    -0.0031270
    10.9001541    -0.0029105
    10.9101543    -0.0026914
    10.9201546    -0.0024693
    10.9301548    -0.0022440
    10.9401550    -0.0020150
    10.9501553    -0.0017819
    10.9601555    -0.0015442
    10.9701557    -0.0013013
    10.9801559    -0.0010528
    10.9901562    -0.0007983
    11.0001564    -0.0005372
    11.0101566    -0.0002695
    11.0201569     0.0000052
    11.0301571     0.0002871
    11.0401573     0.0005760
    11.0501575     0.0008719
    11.0601578     0.0011746
    11.0701580     0.0014837
    11.0801582     0.0017988
    11.0901585     0.0021192
    11.1001587     0.0024442
    11.1101589     0.0027730
    11.1201591     0.0031044
    11.1301594     0.0034374
    11.1401596     0.0037708
    11.1501598     0.0041030
    11.1601601     0.0044326
    11.1701603     0.0047579
    11.1801605     0.0050772
    11.1901608     0.0053888
    11.2001610     0.0056908
    11.2101612     0.0059815
    11.2201614     0.0062592
    11.2301617     0.0065221
    11.2401619     0.0067689
    11.2501621     0.0069983
    11.2601624     0.0072091
    11.2701626     0.0074005
    11.2801628     0.0075719
    11.2901630     0.0077230
    11.3001633     0.0078538
    11.3101635     0.0079645
    11.3201637     0.0080557
    11.3301640     0.0081279
    11.3401642     0.0081823
    11.3501644     0.0082199
    11.3601646     0.0082420
    11.3701649     0.0082500
    11.3801651     0.0082456
    11.3901653     0.0082304
    11.4001656     0.0082059
    11.4101658     0.0081740
    11.4201660     0.0081362
    11.4301662     0.0080941
    11.4401665     0.0080491
    11.4501667     0.0080026
    11.4601669     0.0079555
    11.4701672     0.0079088
    11.4801674     0.0078632
    11.4901676     0.0078192
    11.5001678     0.0077769
    11.5101681     0.0077366
    11.5201683     0.0076983
    11.5301685     0.0076618
    11.5401688     0.0076271
    11.5501690     0.0075941
    11.5601692     0.0075627
    11.5701694     0.0075331
    11.5801697     0.0075054
    11.5901699     0.0074800
    11.6001701     0.0074573
    11.6101704     0.0074381
    11.6201706     0.0074231
    11.6301708     0.0074132
    11.6401711     0.0074094
    11.6501713     0.0074129
    11.6601715     0.0074245
    11.6701717     0.0074453
    11.6801720     0.0074762
    11.6901722     0.0075180
    11.7001724     0.0075711
    11.7101727     0.0076361
    11.7201729     0.0077132
    11.7301731     0.0078023
    11.7401733     0.0079031
    11.7501736     0.0080152
    11.7601738     0.0081378
    11.7701740     0.0082702
    11.7801743     0.0084112
    11.7901745     0.0085596
    11.8001747     0.0087141
    11.8101749     0.0088732
    11.8201752     0.0090354
    11.8301754     0.0091994
    11.8401756     0.0093635
    11.8501759     0.0095264
    11.8601761     0.0096868
    11.8701763     0.0098434
    11.8801765     0.0099953
    11.8901768     0.0101416
    11.9001770     0.0102815
    11.9101772     0.0104145
    11.9201775     0.0105403
    11.9301777     0.0106588
    11.9401779     0.0107701
    11.9501781     0.0108744
    11.9601784     0.0109721
    11.9701786     0.0110637
    11.9801788     0.0111500
    11.9901791     0.0112316
    12.0001793     0.0113095
    12.0101795     0.0113844
    12.0201797     0.0114573
    12.0301800     0.0115289
    12.0401802     0.0116002
    12.0501804     0.0116717
    12.0601807     0.0117441
    12.0701809     0.0118178
    12.0801811     0.0118929
    12.0901814     0.0119697
    12.1001816     0.0120480
    12.1101818     0.0121274
    12.1201820     0.0122076
    12.1301823     0.0122881
    12.1401825     0.0123680
    12.1501827     0.0124467
    12.1601830     0.0125234
    12.1701832     0.0125971
    12.1801834     0.0126672
    12.1901836     0.0127327
    12.2001839     0.0127930
    12.2101841     0.0128473
    12.2201843     0.0128949
    12.2301846     0.0129352
    12.2401848     0.0129675
    12.2501850     0.0129911
    12.2601852     0.0130054
    12.2701855     0.0130097
    12.2801857     0.0130034
    12.2901859     0.0129858
    12.3001862     0.0129560
    12.3101864     0.0129134
    12.3201866     0.0128573
    12.3301868     0.0127870
    12.3401871     0.0127020
    12.3501873     0.0126019
    12.3601875     0.0124863
    12.3701878     0.0123550
    12.3801880     0.0122083
    12.3901882     0.0120463
    12.4001884     0.0118697
    12.4101887     0.0116791
    12.4201889     0.0114755
    12.4301891     0.0112604
    12.4401894     0.0110350
    12.4501896     0.0108011
    12.4601898     0.0105606
    12.4701900     0.0103155
    12.4801903     0.0100679
    12.4901905     0.0098202
    12.5001907     0.0095746
    12.5101910     0.0093335
    12.5201912     0.0090992
    12.5301914     0.0088738
    12.5401917     0.0086594
    12.5501919     0.0084581
    12.5601921     0.0082716
    12.5701923     0.0081016
    12.5801926     0.0079495
    12.5901928     0.0078167
    12.6001930     0.0077041
    12.6101933     0.0076125
    12.6201935     0.0075427
    12.6301937     0.0074949
    12.6401939     0.0074695
    12.6501942     0.0074663
    12.6601944     0.0074853
    12.6701946     0.0075260
    12.6801949     0.0075879
    12.6901951     0.0076701
    12.7001953     0.0077717
    12.7101955     0.0078917
    12.7201958     0.0080286
    12.7301960     0.0081810
    12.7401962     0.0083474
    12.7501965     0.0085258
    12.7601967     0.0087145
    12.7701969     0.0089116
    12.7801971     0.0091148
    12.7901974     0.0093222
    12.8001976     0.0095316
    12.8101978     0.0097408
    12.8201981     0.0099478
    12.8301983     0.0101503
    12.8401985     0.0103464
    12.8501987     0.0105342
    12.8601990     0.0107119
    12.8701992     0.0108778
    12.8801994     0.0110304
    12.8901997     0.0111684
    12.9001999     0.0112909
    12.9102001     0.0113968
    12.9202003     0.0114856
    12.9302006     0.0115568
    12.9402008     0.0116102
    12.9502010     0.0116456
    12.9602013     0.0116631
    12.9702015     0.0116630
    12.9802017     0.0116454
    12.9902020     0.0116107
    13.0002022     0.0115593
    13.0102024     0.0114918
    13.0202026     0.0114086
    13.0302029     0.0113103
    13.0402031     0.0111977
    13.0502033     0.0110713
    13.0602036     0.0109318
    13.0702038     0.0107802
    13.0802040     0.0106171
    13.0902042     0.0104434
    13.1002045     0.0102599
    13.1102047     0.0100677
    13.1202049     0.0098675
    13.1302052     0.0096604
    13.1402054     0.0094472
    13.1502056     0.0092290
    13.1602058     0.0090068
    13.1702061     0.0087816
    13.1802063     0.0085545
    13.1902065     0.0083265
    13.2002068     0.0080987
    13.2102070     0.0078723
    13.2202072     0.0076483
    13.2302074     0.0074280
    13.2402077     0.0072125
    13.2502079     0.0070027
    13.2602081     0.0067997
    13.2702084     0.0066044
    13.2802086     0.0064174
    13.2902088     0.0062395
    13.3002090     0.0060709
    13.3102093     0.0059117
    13.3202095     0.0057620
    13.3302097     0.0056215
    13.3402100     0.0054894
    13.3502102     0.0053653
    13.3602104     0.0052480
    13.3702106     0.0051367
    13.3802109     0.0050302
    13.3902111     0.0049275
    13.4002113     0.0048274
    13.4102116     0.0047290
    13.4202118     0.0046314
    13.4302120     0.0045340
    13.4402122     0.0044363
    13.4502125     0.0043379
    13.4602127     0.0042389
    13.4702129     0.0041395
    13.4802132     0.0040398
    13.4902134     0.0039406
    13.5002136     0.0038424
    13.5102139     0.0037461
    13.5202141     0.0036526
    13.5302143     0.0035626
    13.5402145     0.0034773
    13.5502148     0.0033974
    13.5602150     0.0033239
    13.5702152     0.0032576
    13.5802155     0.0031991
    13.5902157     0.0031490
    13.6002159     0.0031077
    13.6102161     0.0030757
    13.6202164     0.0030532
    13.6302166     0.0030401
    13.6402168     0.0030366
    13.6502171     0.0030424
    13.6602173     0.0030573
    13.6702175     0.0030810
    13.6802177     0.0031129
    13.6902180     0.0031525
    13.7002182     0.0031994
    13.7102184     0.0032529
    13.7202187     0.0033123
    13.7302189     0.0033772
    13.7402191     0.0034469
    13.7502193     0.0035208
    13.7602196     0.0035986
    13.7702198     0.0036799
    13.7802200     0.0037643
    13.7902203     0.0038515
    13.8002205     0.0039416
    13.8102207     0.0040344
    13.8202209     0.0041301
    13.8302212     0.0042287
    13.8402214     0.0043304
    13.8502216     0.0044356
    13.8602219     0.0045446
    13.8702221     0.0046577
    13.8802223     0.0047753
    13.8902225     0.0048978
    13.9002228     0.0050255
    13.9102230     0.0051586
    13.9202232     0.0052972
    13.9302235     0.0054413
    13.9402237     0.0055908
    13.9502239     0.0057453
    13.9602242     0.0059044
    13.9702244     0.0060674
    13.9802246     0.0062335
    13.9902248     0.0064016
    14.0002251     0.0065706
    14.0102253     0.0067394
    14.0202255     0.0069067
    14.0302258     0.0070712
    14.0402260     0.0072315
    14.0502262     0.0073866
    14.0602264     0.0075352
    14.0702267     0.0076763
    14.0802269     0.0078092
    14.0902271     0.0079330
    14.1002274     0.0080471
    14.1102276     0.0081511
    14.1202278     0.0082447
    14.1302280     0.0083275
    14.1402283     0.0083993
    14.1502285     0.0084599
    14.1602287     0.0085092
    14.1702290     0.0085471
    14.1802292     0.0085734
    14.1902294     0.0085879
    14.2002296     0.0085907
    14.2102299     0.0085816
    14.2202301     0.0085606
    14.2302303     0.0085277
    14.2402306     0.0084831
    14.2502308     0.0084269
    14.2602310     0.0083596
    14.2702312     0.0082817
    14.2802315     0.0081938
    14.2902317     0.0080967
    14.3002319     0.0079916
    14.3102322     0.0078795
    14.3202324     0.0077618
    14.3302326     0.0076401
    14.3402328     0.0075160
    14.3502331     0.0073912
    14.3602333     0.0072676
    14.3702335     0.0071470
    14.3802338     0.0070312
    14.3902340     0.0069221
    14.4002342     0.0068213
    14.4102345     0.0067304
    14.4202347     0.0066508
    14.4302349     0.0065838
    14.4402351     0.0065304
    14.4502354     0.0064914
    14.4602356     0.0064676
    14.4702358     0.0064591
    14.4802361     0.0064662
    14.4902363     0.0064887
    14.5002365     0.0065263
    14.5102367     0.0065786
    14.5202370     0.0066448
    14.5302372     0.0067241
    14.5402374     0.0068154
    14.5502377     0.0069175
    14.5602379     0.0070293
    14.5702381     0.0071492
    14.5802383     0.0072759
    14.5902386     0.0074078
    14.6002388     0.0075433
    14.6102390     0.0076808
    14.6202393     0.0078188
    14.6302395     0.0079556
    14.6402397     0.0080897
    14.6502399     0.0082196
    14.6602402     0.0083440
    14.6702404     0.0084614
    14.6802406     0.0085708
    14.6902409     0.0086712
    14.7002411     0.0087618
    14.7102413     0.0088419
    14.7202415     0.0089111
    14.7302418     0.0089693
    14.7402420     0.0090164
    14.7502422     0.0090525
    14.7602425     0.0090781
    14.7702427     0.0090936
    14.7802429     0.0090997
    14.7902431     0.0090970
    14.8002434     0.0090864
    14.8102436     0.0090686
    14.8202438     0.0090444
    14.8302441     0.0090146
    14.8402443     0.0089797
    14.8502445     0.0089406
    14.8602448     0.0088976
    14.8702450     0.0088512
    14.8802452     0.0088016
    14.8902454     0.0087491
    14.9002457     0.0086939
    14.9102459     0.0086358
    14.9202461     0.0085748
    14.9302464     0.0085107
    14.9402466     0.0084430
    14.9502468     0.0083715
    14.9602470     0.0082955
    14.9702473     0.0082144
    14.9802475     0.0081275
    14.9902477     0.0080338
    15.0002480     0.0079325
